-3.74327e-21 -1.23304e-21 4.90294e-20
0.974351 -0.014717 0.024917
1.97305 0.026587 0.019704
2.98546 0.0547185 0.024016
3.98503 0.0767804 0.013544
5.04071 0.043411 0.008903
6.05561 0.0422185 0.002352
7.06181 0.0613291 -0.002828
8.06924 0.031649 -0.001883
9.05312 0.0213964 -0.011452
10.0618 0.0264268 -0.003121
11.0507 0.0113933 0.014759
12.0436 0.0118338 0.028165
13.069 0.025015 0.036243
14.0547 0.0440976 0.023045
15.0722 0.0503695 0.017104
16.0703 0.0684761 0.020554
17.0652 0.104036 0.017184
18.0565 0.103319 0.002148
19.0431 0.123735 -0.013256
20.0411 0.0802658 -0.037399
21.0415 0.0621066 -0.0498959
22.0431 0.00990147 -0.0425424
23.059 -0.0484952 -0.0443812
24.0606 -0.0788116 -0.0524984
25.0633 -0.10396 -0.0392681
24.0654 -0.0324211 3.10443
23.0477 -0.0283188 3.09764
22.0525 0.000308025 3.09148
21.0301 0.0509674 3.10493
20.036 0.106638 3.10417
20.0594 1.09558 1.53965
20.0732 2.09904 1.54387
20.0602 3.10339 1.52604
20.1349 4.1132 1.52056
20.2059 5.1465 1.51233
21.2166 5.0733 -0.0564869
22.2062 4.99849 -0.0637669
23.2027 4.92721 -0.0571999
24.2097 4.87123 -0.0578559
25.1935 4.80673 -0.0370429
26.176 4.7637 -0.0282689
27.1811 4.74198 -0.0344869
28.2006 4.67624 -0.0275659
29.1689 4.67395 -0.0289929
30.1495 4.64987 -0.0391109
31.1069 4.61951 -0.0384289
32.0947 4.57517 -0.0297729
33.0813 4.56428 -0.0446409
34.0765 4.50454 -0.0520799
35.0354 4.43116 -0.0430799
36.032 4.37092 -0.0393819
37.0362 4.35848 -0.0191659
38.0667 4.35064 -0.00456791
39.0706 4.3215 -0.0142619
40.0516 4.32644 -0.0155809
41.0495 4.28947 0.000874087
42.0546 4.28503 -0.000617913
43.0513 4.25793 -0.0129329
44.0671 4.2543 -0.0116019
45.0786 4.25144 -0.0215519
46.0824 4.23613 -0.00697491
47.081 4.21563 -0.00403391
48.0881 4.23272 0.0160751
49.077 4.24273 0.0216861
50.1011 4.21728 0.0253621
50.0742 5.2325 1.60172
50.0712 6.22935 1.59071
50.0486 7.2166 1.59356
50.035 8.2095 1.58084
49.9949 9.1931 1.57741
49.9621 10.1765 1.58176
49.9647 11.1408 1.59036
49.9819 12.1654 1.59251
49.9725 13.1727 1.6001
49.9318 14.1659 1.59274
49.8964 15.1934 1.60797
49.8928 16.1664 1.60867
49.8581 17.1813 1.59969
49.8185 18.1815 1.61951
49.7887 19.17 1.62011
49.759 20.1822 1.62159
49.7181 21.1697 1.61402
49.6457 22.1905 1.61096
49.5936 23.1819 1.60619
49.5921 24.1701 1.60408
49.5688 25.1838 1.60005
49.5191 26.1946 1.59738
49.5038 27.2063 1.59633
49.4767 28.209 1.59173
49.4685 29.184 1.57756
48.4671 29.1714 -3.12197
47.4657 29.1859 -3.10901
46.4585 29.1531 -3.10538
45.4571 29.1161 -3.10239
