-1.97708e-09 6.49929e-11 -2.38392e-08
0.974131 -0.0147098 0.0246782
1.97263 0.0263629 0.019225
2.98482 0.0540168 0.0232956
3.9842 0.0753659 0.0125811
5.03962 0.0409872 0.0076976
6.0543 0.0385786 0.000903438
7.06031 0.0562389 -0.00452076
8.06747 0.0248606 -0.00382002
9.0511 0.0127094 -0.0136337
10.0706 0.0279533 -0.00854473
11.0505 0.0113946 -0.00578671
12.0507 0.00165592 -0.000925347
13.0756 -0.0128184 0.0115879
14.061 -0.0158711 0.00263365
15.0779 -0.0281964 0.000739133
16.0757 -0.0242585 0.00804151
17.0705 0.00101553 0.00832952
18.0614 -0.00631665 -0.00324057
19.0476 0.0109436 -0.0153709
20.0451 -0.0324792 -0.0364318
21.0455 -0.0494512 -0.0488653
22.0472 -0.101138 -0.0415568
23.0632 -0.158665 -0.0433967
24.065 -0.188124 -0.051505
25.0678 -0.212405 -0.0382574
24.0702 -0.142008 3.10546
23.0527 -0.139073 3.09866
22.0578 -0.111603 3.09251
21.0357 -0.0617879 3.10605
20.0417 -0.00702055 3.10541
20.0641 0.981302 1.54131
20.0768 1.98488 1.54668
20.0605 2.99115 1.53179
20.129 4.00334 1.5292
20.1905 5.03917 1.5238
21.2013 4.97969 -0.0423862
22.1913 4.92097 -0.0472194
23.1882 4.86832 -0.038396
24.1954 4.83341 -0.0369887
25.1797 4.79157 -0.0143006
26.1623 4.77301 -0.00384029
27.167 4.77796 -0.00856619
28.1873 4.74078 -0.00034821
29.1547 4.76695 -0.000666077
30.135 4.77277 -0.00986426
31.0924 4.77253 -0.00844698
32.0805 4.75993 0.000754458
33.0664 4.78126 -0.0137591
34.0625 4.75438 -0.0210344
35.0227 4.71291 -0.0120536
36.0202 4.68572 -0.00856567
37.0239 4.70633 0.0112459
38.0536 4.73193 0.0252397
39.0728 4.73995 0.0196162
40.066 4.76738 0.0264773
41.0698 4.80597 0.0380236
42.0749 4.8413 0.0355089
43.0725 4.85265 0.0219539
44.0884 4.88689 0.0218245
45.0997 4.90757 0.0123333
46.0844 4.92353 0.0134141
47.0673 4.93531 0.0123648
48.0749 4.97212 0.0310653
49.0644 5.00016 0.0349846
50.0898 4.99155 0.0366718
50.0523 6.00958 1.61114
50.0409 7.00955 1.59833
50.0117 7.99979 1.59948
49.9932 8.99578 1.58515
49.9499 9.9824 1.58022
49.9153 10.9689 1.58316
49.9176 11.9364 1.59043
49.9357 12.9642 1.59133
49.9284 13.9747 1.59778
49.891 14.9712 1.58937
49.8601 16.0019 1.60364
49.8617 16.9782 1.60347
49.8333 17.9964 1.59373
49.8006 19.0001 1.61287
49.7784 19.9919 1.6129
49.757 21.0075 1.6139
49.7248 21.9985 1.60594
49.6616 23.023 1.60261
49.6176 24.0122 1.59653
49.6254 24.9979 1.5931
49.6112 25.9977 1.5812
49.578 27.0069 1.57683
49.5874 28.0039 1.58103
49.5795 28.9921 1.58203
49.5678 29.9729 1.56652
48.5645 29.9596 -3.13429
47.5616 29.9747 -3.12368
46.5522 29.9451 -3.12345
45.559 29.9149 -3.13083
44.5615 29.9105 -3.12831
44.5478 30.9046 1.58182
44.5312 31.8882 1.59078
44.5054 32.9128 1.57818
44.5053 33.9268 1.56121
44.5139 34.9089 1.58072
44.5206 35.914 1.57399
44.5024 36.9301 1.57891
44.491 37.9247 1.57252
44.5023 38.8954 1.56711
44.4981 39.9258 1.57536
44.4743 40.9396 1.58086
44.4845 41.9274 1.58047
44.453 42.9292 1.5741
44.4548 43.8997 1.57317
44.4376 44.9174 1.56877
44.4143 45.9396 1.56299
44.3954 46.9305 1.56775
44.4316 47.9377 1.56925
44.4281 48.9283 1.56941
44.4364 49.9203 1.5808
43.4386 49.9045 -3.13729
42.4447 49.9222 -3.13665
41.4234 49.9284 -3.12204
40.428 49.8949 -3.12575
39.4142 49.8948 -3.13506
39.4394 48.881 -1.56063
39.4421 47.882 -1.55989
39.4528 46.8818 -1.56621
39.4598 45.8886 -1.54698
39.4629 44.8752 -1.55953
39.4486 43.8809 -1.56282
39.4565 42.8899 -1.5619
39.4594 41.8937 -1.56147
39.464 40.8846 -1.55327
39.5024 39.8787 -1.54966
40.4953 39.8649 0.0164357
41.4878 39.891 0.0210034
42.5175 39.9144 0.0137731
43.5006 39.908 0.00276875
44.4886 39.9121 -0.00192424
44.4993 38.9057 -1.56414
44.5102 37.9205 -1.55758
44.5072 36.9248 -1.56175
44.5057 35.9261 -1.55745
44.4842 34.8853 -1.56162
44.5424 33.9061 -1.56741
44.537 32.9015 -1.55672
44.5448 31.9159 -1.55458
44.5468 30.9122 -1.55649
44.5508 29.8974 -1.56132
44.5545 28.9092 -1.55923
44.5886 27.9167 -1.56208
44.6137 26.8945 -1.56543
44.6213 25.9189 -1.55881
44.6247 24.9131 -1.55249
43.6151 24.889 -3.11628
42.6204 24.8991 -3.13184
41.6491 24.868 -3.12774
40.6494 24.8456 -3.13238
39.6556 24.8337 -3.13568
38.67 24.8389 -3.12591
37.6563 24.8059 -3.1253
36.6516 24.7978 -3.13742
35.6342 24.7965 -3.13735
34.6295 24.8213 -3.13338
33.6184 24.7951 -3.13357
32.6118 24.7946 -3.13535
31.5891 24.8185 -3.13358
30.5879 24.7819 -3.13565
29.5896 24.7855 -3.1399
28.5648 24.7986 -3.13095
27.5805 24.7843 3.1388
26.6126 24.8143 -3.13822
25.5857 24.8124 -3.14013
24.5836 24.823 3.13938
24.6007 25.7892 1.56233
24.5981 26.8146 1.56692
24.6131 27.831 1.57194
24.6032 28.8327 1.56555
24.6184 29.8169 1.56803
24.6218 30.821 1.5714
24.6429 31.8343 1.56334
24.6623 32.7992 1.57417
24.6594 33.8146 1.56815
24.6403 34.8201 1.56634
24.6428 35.8106 1.58985
24.6516 36.8128 1.58639
24.6473 37.7947 1.57996
24.6368 38.7837 1.57382
24.6474 39.7993 1.56588
24.6095 40.7838 1.57146
24.6146 41.7499 1.57111
24.5903 42.7503 1.56835
24.5832 43.7469 1.5771
24.5816 44.757 1.59042
24.5468 45.7532 1.59625
24.5261 46.7485 1.5887
24.4699 47.7217 1.59027
24.4637 48.693 1.58105
24.4466 49.6901 1.56659
23.4377 49.6909 -3.13878
22.436 49.6954 3.1337
21.4326 49.6652 3.12596
20.4316 49.7028 3.12573
19.4489 49.7078 3.11512
18.4249 49.7322 3.12761
17.432 49.7354 3.13605
16.4299 49.7435 3.13263
15.4063 49.7723 3.13432
14.4292 49.7922 3.13888
13.4138 49.7627 3.14112
12.4294 49.7887 3.13421
11.4121 49.7835 3.13543
10.4076 49.8253 3.12334
9.41784 49.828 3.12455
8.40702 49.8082 3.12694
7.42016 49.8133 3.11449
6.43138 49.8431 3.13426
5.44033 49.8724 3.13493
4.43732 49.87 3.13281
3.44282 49.8946 3.13396
2.42688 49.8865 3.13556
1.4282 49.9151 3.12672
0.421236 49.9123 3.12095
-0.589931 49.9501 3.12192
-1.60247 49.9613 -3.14019
-2.61675 49.9688 -3.13133
-3.61756 49.9604 3.13908
-4.60066 49.9918 3.13103
-5.59609 49.9759 3.12588
-6.59146 50.0245 3.13106
-7.61194 50.0192 -3.13321
-8.61213 50.0413 -3.11994
-9.59813 50.0309 -3.13653
-10.5959 50.0399 3.13889
-11.5916 50.0547 3.13986
-12.5694 50.0371 3.13708
-13.5432 50.0723 3.12674
-14.5498 50.075 3.12493
-15.5683 50.0319 3.11696
-16.5776 50.0554 3.12843
-17.5999 50.0892 3.137
-18.5961 50.0835 3.13949
-19.5966 50.117 3.12917
-20.5984 50.0964 3.13872
-21.6176 50.1085 3.13603
-22.609 50.1002 3.12355
-23.6437 50.1149 3.13612
-24.6363 50.1821 -3.14133
-25.6374 50.1725 -3.13674
-26.6381 50.1504 -3.13367
-27.6452 50.1441 -3.13672
-28.6299 50.1393 -3.13876
-29.6521 50.1657 -3.12879
-30.639 50.1456 -3.13103
-31.6339 50.139 -3.12349
-32.645 50.1234 -3.11672
-33.6521 50.0977 -3.12434
-34.6398 50.0963 -3.12705
-35.6561 50.0298 -3.12502
-36.6584 50.0557 -3.12868
-37.6635 50.0422 -3.14072
-38.6703 50.0528 -3.13318
-39.6681 50.0665 -3.12534
-40.6405 50.0707 -3.11864
-41.6495 50.0792 -3.1249
-42.6466 50.0428 3.13006
-43.648 50.0588 3.14145
-44.6445 50.0596 -3.13791
-45.6127 50.0638 -3.14068
-46.5761 50.0499 3.14034
-47.6043 50.0565 3.13348
-48.5952 50.0634 3.13096
-49.608 50.0653 3.13449
-50.638 50.0913 3.13608
-50.647 49.0822 -1.57266
-50.6593 48.0492 -1.57026
-50.6381 47.02 -1.5826
-50.6493 46.0281 -1.58276
-50.6501 45.0125 -1.57892
-50.6655 44.0032 -1.57332
-50.6747 43.0023 -1.57694
-50.6917 41.9871 -1.57359
-50.6852 40.9997 -1.57537
-50.6843 40.0024 -1.58205
-50.6887 38.9906 -1.57667
-50.7014 37.9992 -1.57688
-50.7345 36.9988 -1.58471
-50.7327 36.0134 -1.57297
-50.7157 35.0034 -1.56718
-50.6905 34.0202 -1.55974
-50.7084 33.028 -1.56287
-50.7169 32.0078 -1.57035
-50.7163 30.9956 -1.5561
-50.6907 30.0068 -1.54951
-50.6573 29.0055 -1.55975
-50.6663 27.9807 -1.55837
-50.6559 26.9958 -1.54781
-50.6109 26.0013 -1.55416
-50.6078 25.0035 -1.55283
-50.5967 24.0029 -1.55428
-50.5615 22.9844 -1.55839
-50.5181 21.982 -1.56186
-50.4977 21.0035 -1.56107
-50.4881 19.9917 -1.5585
-50.4688 18.9748 -1.56898
-50.4697 17.9949 -1.56961
-50.4625 16.9893 -1.56134
-50.4489 15.9945 -1.54784
-50.4117 14.9818 -1.55212
-49.4131 14.9896 0.0191128
-48.4311 14.9953 0.0280398
-47.432 15.008 0.0213352
-46.4376 15.0533 0.0247041
-45.4415 15.0857 0.000620315
-44.4404 15.0805 0.0188982
-43.439 15.0755 0.00955265
-42.4315 15.0751 -0.00239618
-41.4296 15.0755 -0.00988119
-40.4268 15.0676 -0.0161722
-39.4273 15.0529 -0.0278549
-38.4133 15.0234 -0.027345
-37.4039 14.998 -0.0221861
-36.4465 14.991 -0.00804123
-35.4307 14.9939 -0.000180251
-34.4101 15.0375 -1.37308e-05
-33.4214 15.0075 0.0129597
-32.4506 15.034 0.0290333
-31.4564 15.0495 0.0440446
-30.4669 15.0713 0.0282811
-29.4575 15.0829 0.0300084
-28.4439 15.1714 0.0179231
-27.4233 15.1953 0.0172713
-26.4327 15.2053 0.00938856
-25.4414 15.2079 0.00353823
-24.4393 15.1724 0.00915964
-23.424 15.1894 0.0125221
-22.4286 15.2314 0.00311122
-21.4286 15.236 -0.0046633
-20.4373 15.2309 -0.00818108
-19.4508 15.1672 0.00529389
-18.4532 15.1525 -0.00159638
-17.4474 15.1258 -0.0118101
-16.4484 15.0945 -0.0129595
-15.4183 15.1008 -0.00361102
-14.4301 15.0669 0.00429894
-13.4093 15.0623 0.0104562
-12.4082 15.0754 -0.00767421
-11.4073 15.0484 0.00556436
-10.4122 15.0894 0.0152231
-9.41241 15.118 0.0153117
-8.3997 15.1533 0.0182672
-7.42893 15.2051 0.0253428
-6.44264 15.2216 0.0127864
-5.44142 15.1862 0.0105807
-5.45628 16.2021 1.57781
-5.43177 17.2204 1.56853
-5.43878 18.1949 1.57499
-5.46554 19.1789 1.57056
-5.48302 20.17 1.5819
-5.4756 21.1572 1.58856
-5.45605 22.1667 1.57636
-5.49548 23.1547 1.56411
-5.47036 24.1271 1.55537
-5.46343 25.1517 1.55355
-5.41492 26.1493 1.56337
-5.40135 27.16 1.54742
-5.37934 28.1488 1.55661
-5.40532 29.1632 1.5775
-5.41082 30.1991 1.59094
-5.44598 31.2101 1.57476
-5.45863 32.2246 1.58086
-5.48333 33.2315 1.58515
-5.50306 34.1985 1.58387
-5.53495 35.1964 1.61706
-5.57766 36.1873 1.60915
-5.63746 37.2039 1.61144
-5.68125 38.198 1.61367
-5.70762 39.1718 1.62121
-5.74594 40.1199 1.61849
-5.79891 41.0922 1.58032
-5.77517 42.0997 1.57026
-5.72801 43.1092 1.57406
-5.72349 44.1018 1.55389
-5.67028 45.078 1.5566
-5.64921 46.0556 1.56379
-5.64395 47.0768 1.55481
-5.6105 48.0588 1.55877
-5.60392 49.0355 1.55652
-5.58223 50.0292 1.56295
-6.60547 50.0175 3.13711
-7.59215 50.027 3.13066
-8.59417 50.0137 3.13113
-9.61604 50.0247 -3.136
-10.5948 50.0137 -3.13845
-11.5806 50.0166 3.13579
-12.5894 50.0361 3.13424
-13.5763 50.0623 -3.14144
-14.5876 50.0387 -3.13952
-15.6016 50.0524 3.13876
-16.5917 50.0751 3.13087
-17.5984 50.0652 3.13725
-18.5722 50.0775 3.13261
-19.5924 50.0921 3.13481
-20.5939 50.0882 3.12935
-21.6029 50.0733 3.13638
-22.6052 50.0811 3.13269
-23.641 50.0879 3.1334
-24.6388 50.1138 3.13458
-25.6243 50.1186 3.1291
-26.6226 50.1575 3.13908
-27.6368 50.1728 -3.13218
-28.6486 50.1646 -3.12636
-29.6544 50.1523 -3.12369
-30.6254 50.1466 -3.11771
-31.6149 50.1246 -3.11337
-32.5754 50.098 -3.12076
-33.5815 50.0766 -3.12009
-34.5767 50.0132 -3.1241
-35.5986 50.0222 -3.12159
-36.6015 50.0237 -3.13554
-37.6157 50.0215 -3.13839
-38.63 50.0156 3.13
-39.6283 50.015 3.12707
-40.6315 50.0265 -3.13193
-41.6439 50.0292 -3.13579
-42.6218 50.0492 -3.13243
-43.6385 50.0539 -3.1353
-44.6453 50.0599 3.13935
-45.6283 50.0516 -3.13711
-46.6267 50.0522 3.13648
-47.6212 50.0439 3.11807
-48.6351 50.0738 3.13555
-49.6261 50.0751 -3.14068
-50.6124 50.0569 3.13962
-50.6439 49.0237 -1.56588
-50.6487 48.0225 -1.56765
-50.6542 47.013 -1.56906
-50.6552 46.0014 -1.57068
-50.6652 45.0212 -1.57693
-50.6815 44.0128 -1.57672
-50.6644 43.0003 -1.57518
-50.6583 42.0052 -1.57526
-50.6794 40.9949 -1.57532
-50.6915 39.9922 -1.57938
-50.6957 38.9735 -1.57054
-50.7078 37.9576 -1.56988
-50.6969 36.9824 -1.56479
-50.6969 36.0142 -1.56608
-50.7335 35.0325 -1.56617
-50.7263 34.0112 -1.57486
-50.7356 33.0242 -1.56608
-50.7324 32.0209 -1.55716
-50.6969 31.0304 -1.556
-50.6827 29.9991 -1.55929
-50.6463 29.024 -1.5587
-50.6649 28.0431 -1.56833
-50.6451 27.0248 -1.55586
-50.6226 26 -1.5552
-50.568 24.9881 -1.56274
-50.5452 23.9676 -1.56339
-50.5232 22.9673 -1.54712
-50.5048 21.978 -1.56
-50.4897 20.9797 -1.56826
-50.4899 19.9859 -1.56302
-50.4802 18.9803 -1.56757
-50.4539 17.9859 -1.5649
-50.4707 17.016 -1.55866
-50.4557 15.9766 -1.56572
-50.4222 14.9869 -1.55859
-50.3763 13.9658 -1.54339
-50.3434 12.9479 -1.53071
-50.3153 11.9375 -1.5289
-50.2983 10.9271 -1.54575
-50.3207 9.96451 -1.54841
-50.3054 8.95755 -1.54299
-50.2904 7.92153 -1.55396
-50.2709 6.94829 -1.56228
-50.2662 5.96942 -1.55268
-50.2345 4.98437 -1.57383
-50.224 3.98755 -1.58035
-50.2196 3.00357 -1.58925
-50.2382 2.03892 -1.58354
-50.2275 1.03877 -1.58697
-50.2275 0.0783529 -1.57959
-50.2326 -0.947231 -1.59278
-50.2576 -1.9936 -1.59231
-50.3059 -2.99006 -1.59484
-50.3201 -4.01144 -1.59777
-50.3438 -5.02725 -1.59939
-50.3315 -6.0169 -1.59257
-50.3927 -7.00662 -1.5959
-50.4371 -8.00374 -1.59494
-50.4283 -8.99779 -1.59535
-50.4424 -9.98755 -1.59019
-50.4799 -11.0025 -1.57595
-50.4766 -12.0017 -1.58737
-50.4945 -13.0138 -1.58258
-50.501 -14.0524 -1.58191
-50.527 -15.0636 -1.57488
-50.5504 -16.0544 -1.56717
-50.565 -17.1003 -1.57523
-50.5556 -18.0968 -1.57506
-50.5106 -19.1042 -1.56017
-50.5034 -20.1022 -1.57791
-50.4926 -21.0987 -1.59491
-50.5605 -22.0926 -1.57935
-50.6062 -23.0689 -1.5842
-50.6142 -24.0896 -1.56563
-50.5916 -25.0622 -1.55874
-50.5824 -26.0562 -1.56081
-50.5561 -27.0669 -1.55988
-50.5576 -28.065 -1.56388
-50.5347 -29.0681 -1.56615
-50.5212 -30.065 -1.56167
-50.5353 -31.0884 -1.55539
-50.5173 -32.0825 -1.56017
-50.4982 -33.0757 -1.57421
-50.4965 -34.0944 -1.57609
-50.479 -35.1177 -1.55625
-50.4704 -36.137 -1.54562
-50.4505 -37.125 -1.52662
-50.4273 -38.1095 -1.53515
-50.3752 -39.1328 -1.53917
-50.3594 -40.1111 -1.54439
-50.3122 -41.1288 -1.54433
-50.2829 -42.1358 -1.54094
-50.2593 -43.1389 -1.54924
-50.2024 -44.1564 -1.55165
-50.1904 -45.1488 -1.53882
-50.1791 -46.1638 -1.5236
-50.1588 -47.1817 -1.5333
-50.1196 -48.1963 -1.54034
-50.0745 -49.1702 -1.5307
-50.0486 -50.1758 -1.5327
-49.0544 -50.1153 0.0312309
-48.0368 -50.0469 0.0394446
-47.0672 -49.9964 0.031964
-46.0752 -49.9801 0.0306001
-45.091 -49.9461 0.0368967
-44.0791 -49.889 0.0305149
-43.0678 -49.8715 0.0256064
-42.0648 -49.8797 0.03411
-41.0675 -49.8088 0.054331
-40.0919 -49.7577 0.0491784
-39.0826 -49.6879 0.040142
-38.0534 -49.6223 0.0513271
-37.0271 -49.6062 0.0408352
-36.0506 -49.538 0.0582796
-35.0449 -49.4773 0.0464326
-34.059 -49.4229 0.0465711
-33.0804 -49.374 0.0449638
-32.0629 -49.287 0.0538233
-31.0769 -49.2434 0.0397507
-30.0863 -49.1906 0.0548983
-29.9987 -50.1969 -1.50668
-29.9062 -51.1748 -1.50764
-29.8479 -52.1705 -1.52027
-29.8579 -53.1787 -1.54107
-29.825 -54.195 -1.54925
-28.7812 -54.2061 0.021679
-27.7835 -54.1534 0.0176635
-26.7818 -54.1875 0.0287464
-25.7411 -54.1521 0.011931
-24.7468 -54.1257 0.0177674
-23.7364 -54.1093 0.0193518
-22.7724 -54.0755 0.0191218
-21.7528 -54.0434 0.0307165
-20.7696 -53.979 0.0271271
-19.7394 -53.9636 0.0155774
-18.7244 -53.972 0.0164324
-17.7241 -53.9618 0.0109183
-16.745 -53.9565 -0.000853996
-15.7482 -53.9701 -0.0059756
-14.7617 -53.9697 -0.00340867
-13.7677 -53.9787 0.00338019
-12.8064 -53.978 0.00731996
-11.7749 -53.9426 -0.00221353
-10.7739 -53.9665 0.00347107
-9.77401 -53.9522 0.0178348
-8.72233 -53.9592 0.0402427
-7.7533 -53.9387 0.0447125
-6.75843 -53.93 0.0275282
-5.73032 -53.8934 0.0223648
-4.75445 -53.8576 0.032616
-3.75479 -53.8459 0.0374272
-2.77011 -53.8244 0.0545961
-1.7745 -53.778 0.0460208
-0.798216 -53.7749 0.0341405
0.196739 -53.7123 0.0433109
1.1693 -53.64 0.0415439
2.1691 -53.6175 0.0474666
3.18878 -53.5863 0.039675
4.16379 -53.5354 0.0307379
5.20547 -53.5354 0.0344537
6.24227 -53.514 0.0195676
7.27722 -53.458 0.00954447
8.23199 -53.4641 0.0230451
9.24932 -53.4475 0.024439
10.2729 -53.4406 0.0131214
11.2809 -53.3976 0.0248325
12.3083 -53.3573 0.00861697
13.3085 -53.3595 0.0276079
14.3249 -53.3409 0.0180312
15.3216 -53.3274 0.0175388
16.3126 -53.3262 0.00872427
17.3402 -53.3199 0.00876436
18.3282 -53.2832 0.000244214
19.3235 -53.2848 -0.00603025
20.3207 -53.2843 -0.00381994
21.3012 -53.2748 -0.0205511
22.2899 -53.2768 -0.0307565
23.3111 -53.2898 -0.0294471
24.32 -53.3476 -0.034333
25.3269 -53.3477 -0.0402151
26.3207 -53.3862 -0.0458474
27.3267 -53.3956 -0.0544564
28.3193 -53.4565 -0.0362715
29.3133 -53.5286 -0.0467994
30.3271 -53.5357 -0.0584679
31.2814 -53.5561 -0.0620069
32.2759 -53.6252 -0.0741115
33.293 -53.6833 -0.0990373
34.3002 -53.7709 -0.10025
35.3614 -53.8351 -0.0930652
36.3795 -53.9627 -0.0861915
37.3761 -54.0162 -0.0789484
38.3799 -54.0903 -0.076782
39.3558 -54.1708 -0.0770444
40.3323 -54.2237 -0.065349
41.343 -54.2889 -0.0553209
42.3252 -54.363 -0.0552711
43.3122 -54.4541 -0.0621987
44.2854 -54.5353 -0.0698417
45.2903 -54.6083 -0.0552653
46.2671 -54.6549 -0.0575366
47.2603 -54.6772 -0.0507885
48.2698 -54.696 -0.061539
49.2442 -54.7207 -0.0508429
50.2304 -54.7707 -0.0458777
50.2676 -53.7711 1.53692
50.2945 -52.7524 1.53651
50.3201 -51.7367 1.51321
50.3926 -50.7064 1.51325
50.4707 -49.6804 1.51986
50.5542 -48.6952 1.52787
50.5936 -47.6682 1.54237
50.6407 -46.6469 1.55328
50.6447 -45.6513 1.56843
50.659 -44.6497 1.57496
50.6449 -43.6382 1.59129
50.6027 -42.6954 1.58376
50.5988 -41.6897 1.58565
50.6021 -40.7059 1.57025
50.6136 -39.7128 1.55448
50.6744 -38.7002 1.54405
50.6971 -37.6995 1.52593
50.7605 -36.7053 1.54947
50.7845 -35.707 1.54439
50.8145 -34.7366 1.54954
50.814 -33.6788 1.54966
50.8511 -32.6683 1.53494
50.8628 -31.69 1.53453
50.924 -30.6753 1.51885
50.9753 -29.6826 1.5215
51.0448 -28.6845 1.53912
51.067 -27.694 1.55137
51.0818 -26.7103 1.56633
51.0756 -25.693 1.57548
51.0321 -24.6628 1.58453
51.0396 -23.6351 1.58415
51.0501 -22.6287 1.59035
51.0025 -21.6478 1.58843
50.9912 -20.6569 1.59048
50.981 -19.6674 1.58779
50.9669 -18.6497 1.60643
50.9017 -17.6393 1.61102
50.8538 -16.6129 1.63161
50.7431 -15.6132 1.60508
50.7143 -14.6142 1.60596
50.7227 -13.6334 1.6187
50.6719 -12.6138 1.62653
50.6038 -11.6318 1.63018
50.5139 -10.6052 1.60737
50.4624 -9.65418 1.6054
50.4333 -8.65816 1.60163
50.3981 -7.69434 1.61711
50.3765 -6.71649 1.61252
50.3436 -5.74195 1.6125
50.2686 -4.73122 1.60362
49.2905 -4.77595 -3.11408
48.3196 -4.83329 -3.11038
47.3052 -4.88056 -3.12169
46.2964 -4.94585 -3.10789
45.282 -4.97787 -3.11819
45.3069 -3.98826 1.59483
45.2736 -2.99817 1.60812
45.2334 -1.99365 1.60596
45.2071 -1.01719 1.59834
45.1743 -0.0327937 1.60099
45.1356 0.945757 1.6031
45.1273 1.91739 1.5994
45.1166 2.91346 1.58614
45.0922 3.89934 1.59064
45.1021 4.90435 1.58912
45.0686 5.91516 1.59277
45.0556 6.91387 1.5899
45.0394 7.90808 1.58779
45.0377 8.90576 1.59541
44.9906 9.89154 1.58732
44.9621 10.8874 1.58369
44.9392 11.8747 1.5825
44.9042 12.8675 1.59733
44.9229 13.8284 1.60027
44.9313 14.8482 1.60377
44.88 15.8949 1.60221
44.8471 16.8975 1.60458
44.8405 17.8579 1.60668
44.8273 18.857 1.60612
44.8033 19.8564 1.60776
44.7483 20.8616 1.5999
44.7114 21.8931 1.591
44.6917 22.9157 1.59211
44.6581 23.8998 1.58509
44.6186 24.9231 1.59297
44.6031 25.9099 1.58991
44.6101 26.9337 1.58323
44.6008 27.9232 1.58086
44.5955 28.9134 1.58972
44.5817 29.9048 1.59285
44.5523 30.9169 1.58718
44.5327 31.902 1.58278
44.5156 32.906 1.58075
44.5187 33.8897 1.56923
44.4847 34.8984 1.56857
44.4894 35.9152 1.56343
44.5017 36.9026 1.55999
44.4957 37.8967 1.5695
44.493 38.9425 1.5714
44.4743 39.92 1.59046
44.4588 40.9183 1.59584
44.3887 41.9477 1.57929
44.3952 42.9538 1.57273
44.4258 43.9491 1.57139
44.4428 44.93 1.57358
44.4478 45.9317 1.59706
44.4451 46.9546 1.58365
44.4256 47.9488 1.57564
44.4308 48.9448 1.58861
44.443 49.9339 1.57551
45.4507 49.9114 0.0115684
46.4277 49.9491 0.0185049
47.4224 49.9954 0.00753983
48.4224 49.9856 0.00758313
49.4301 50.0069 0.00501993
49.4412 48.9914 -1.56383
49.4301 48.0045 -1.56775
49.4505 46.9903 -1.55912
49.4436 45.9885 -1.56081
49.4453 45.0028 -1.57432
48.4767 44.9904 -3.13451
47.4591 44.9665 -3.13164
46.4998 44.9583 -3.11895
45.4776 44.9433 -3.13452
44.4633 44.9213 -3.1358
44.4541 43.9107 -1.56597
44.4598 42.9142 -1.57572
44.4625 41.8922 -1.57068
44.4808 40.9322 -1.56479
44.5096 39.9146 -1.57358
44.5222 38.9074 -1.56933
44.4961 37.9205 -1.56989
44.5061 36.9201 -1.56128
44.4992 35.8994 -1.56648
44.4992 34.898 -1.56219
44.5337 33.8833 -1.55825
44.539 32.9062 -1.55967
44.5557 31.9174 -1.56565
44.5495 30.9036 -1.56757
44.5556 29.8945 -1.55419
43.5577 29.8832 -3.12754
42.5785 29.886 -3.1251
41.5603 29.861 -3.11738
40.5917 29.8269 -3.13105
39.5892 29.8252 -3.12543
39.6034 28.8234 -1.56549
39.6048 27.8082 -1.56313
39.626 26.835 -1.56228
39.6611 25.8457 -1.56741
39.6669 24.8482 -1.55445
39.6699 23.8522 -1.55684
39.7014 22.8091 -1.56876
39.6863 21.8208 -1.56424
39.7248 20.828 -1.56901
39.7247 19.8547 -1.56026
39.767 18.8272 -1.55951
39.7903 17.8512 -1.55625
39.7906 16.8463 -1.55119
39.8171 15.8299 -1.56495
39.8027 14.8361 -1.55964
39.8355 13.7878 -1.54607
39.8462 12.7791 -1.54161
39.8634 11.7767 -1.5486
39.9143 10.7915 -1.53212
39.9401 9.80039 -1.53975
39.9451 8.78373 -1.55513
39.9755 7.78117 -1.54897
40.0099 6.77635 -1.54304
40.0355 5.75651 -1.54237
40.0622 4.7523 -1.55074
40.0907 3.7558 -1.54769
40.1085 2.7806 -1.54897
40.1122 1.77988 -1.53933
40.1446 0.804703 -1.55717
40.1294 -0.195966 -1.54967
39.1331 -0.24281 -3.13088
38.1516 -0.267182 -3.13531
37.1563 -0.264843 -3.13128
36.1286 -0.284664 -3.13758
35.1033 -0.291889 -3.12951
35.133 -1.33184 -1.56125
35.1524 -2.3296 -1.55535
35.1924 -3.30129 -1.55195
35.2185 -4.32047 -1.56753
35.2231 -5.32858 -1.58382
35.236 -6.34233 -1.59174
35.2157 -7.37176 -1.58798
35.1797 -8.34595 -1.58966
35.1434 -9.32843 -1.58989
35.1684 -10.3305 -1.59476
35.1494 -11.3361 -1.60328
35.1486 -12.3102 -1.59072
35.1307 -13.3015 -1.58993
35.0946 -14.2937 -1.60321
35.0816 -15.3207 -1.63333
35.0168 -16.2935 -1.61592
34.9863 -17.2771 -1.61767
34.9159 -18.2635 -1.63055
34.8487 -19.2628 -1.63924
34.792 -20.2377 -1.62958
34.7458 -21.2634 -1.60665
34.6829 -22.269 -1.61028
34.6603 -23.252 -1.59577
34.6479 -24.2578 -1.58489
34.6547 -25.2364 -1.58961
34.676 -26.261 -1.5972
34.6641 -27.2431 -1.60263
34.6212 -28.2149 -1.58464
34.5718 -29.223 -1.5896
34.5584 -30.2534 -1.58451
34.51 -31.2504 -1.56806
34.4869 -32.2637 -1.56537
34.5212 -33.2536 -1.57322
34.5191 -34.2446 -1.57586
34.4929 -35.2457 -1.58113
34.4518 -36.2518 -1.57838
34.4203 -37.2304 -1.58998
34.4092 -38.2324 -1.57843
34.4231 -39.2484 -1.57762
34.3813 -40.1949 -1.5693
34.3825 -41.1867 -1.54464
34.4177 -42.1677 -1.53692
34.4562 -43.1802 -1.5453
34.5102 -44.2008 -1.55141
34.5348 -45.1927 -1.54443
34.5706 -46.1507 -1.55703
34.5708 -47.1086 -1.56872
34.5858 -48.1179 -1.56985
34.585 -49.1347 -1.55763
34.6065 -50.117 -1.56771
33.6068 -50.1346 -3.13874
32.6193 -50.1151 3.1332
31.5886 -50.1077 3.13721
30.5777 -50.102 3.13195
29.577 -50.0798 3.14035
28.5795 -50.0745 3.13637
27.5489 -50.0669 3.13684
26.5234 -50.0433 -3.13876
25.5021 -50.0389 -3.13426
24.5167 -50.0469 -3.12294
23.4891 -50.0383 -3.1168
22.4666 -50.08 -3.12455
21.4726 -50.0595 -3.14153
20.4418 -50.0179 3.13745
19.4528 -50.0015 3.13114
18.4457 -49.976 3.12028
17.4681 -49.9222 3.12083
16.4732 -49.9445 3.1097
15.4741 -49.9045 3.11819
14.4749 -49.8758 3.13329
13.4698 -49.8454 3.13483
12.4844 -49.8404 3.12628
11.4827 -49.8148 3.1259
10.4844 -49.7849 -3.13428
9.47241 -49.8025 -3.13287
9.44896 -48.8338 1.58277
9.44886 -47.8509 1.597
9.40921 -46.8432 1.58343
9.41743 -45.8321 1.58186
9.41773 -44.8121 1.57422
9.42299 -43.8269 1.57579
9.4117 -42.8187 1.55219
9.40994 -41.7928 1.55276
9.42898 -40.7984 1.54792
9.48995 -39.7851 1.55024
9.52375 -38.7626 1.55532
9.55692 -37.762 1.5723
9.5637 -36.7448 1.58333
9.49944 -35.7292 1.57243
9.50641 -34.7436 1.56629
9.49509 -33.7736 1.55489
9.49024 -32.8151 1.56507
9.52615 -31.8261 1.57645
9.53276 -30.7962 1.5571
9.54511 -29.8026 1.52847
9.5809 -28.8261 1.53559
9.60872 -27.8368 1.5504
9.63541 -26.8411 1.55543
9.65108 -25.811 1.54587
9.68503 -24.8158 1.54748
9.70445 -23.7847 1.53071
9.74933 -22.7876 1.53648
9.76722 -21.7905 1.53296
9.78714 -20.823 1.53308
9.84691 -19.8464 1.5399
9.89453 -18.8319 1.5368
9.89167 -17.8357 1.55074
9.87727 -16.8577 1.55578
9.90423 -15.8476 1.54874
9.88063 -14.8421 1.54138
9.93439 -13.8345 1.53384
9.93722 -12.8637 1.54718
9.97747 -11.862 1.55546
10.0007 -10.8857 1.55881
10.0259 -9.9096 1.5538
9.99322 -8.91708 1.56455
9.98904 -7.91085 1.54506
10.0216 -6.94499 1.53198
10.0216 -5.92437 1.52237
10.0568 -4.89974 1.54353
10.0758 -3.94787 1.56674
10.0541 -2.94223 1.57857
10.0472 -1.96375 1.56305
10.0631 -0.973641 1.5618
10.0607 0.0119479 1.57185
10.0714 1.00018 1.57265
10.0599 2.01492 1.57087
10.0459 2.99492 1.58507
9.99899 3.99555 1.59176
9.96143 5.01829 1.58879
8.96461 4.99651 -3.12315
7.96331 4.98574 -3.11426
6.98641 4.98476 -3.11541
5.9984 4.95626 -3.10917
4.98433 4.93094 -3.11398
4.96667 5.92734 1.59479
4.94 6.97762 1.58865
4.92791 7.99494 1.58478
4.92057 9.00275 1.59414
4.86358 9.99994 1.59092
4.82005 10.9908 1.58793
4.83785 12.0039 1.58197
4.83746 13.0016 1.59133
4.79681 13.9886 1.59866
4.78916 14.9686 1.5957
4.75522 15.9911 1.60017
4.69143 16.9786 1.60672
4.65756 18.001 1.612
4.6027 18.9887 1.59885
4.59583 19.9555 1.57678
4.59178 20.9619 1.56855
4.60337 21.9641 1.57743
4.57449 22.9898 1.56453
4.5746 23.9978 1.5651
4.59412 24.9862 1.56075
4.60175 25.9477 1.56561
4.59281 26.9393 1.5723
4.58512 27.9275 1.56109
4.58068 28.9264 1.55917
4.56911 29.935 1.55594
5.56374 29.8877 -0.00673598
6.55193 29.8779 8.66479e-06
7.57134 29.8569 -0.0054226
8.58905 29.8224 -0.00734099
9.63249 29.8146 -0.0120051
10.6449 29.8408 -0.0220529
11.6188 29.8222 -0.00846474
12.6101 29.8232 -0.00394798
13.5601 29.8399 -0.00264888
14.5321 29.8553 0.00327224
15.5653 29.8353 0.0108078
16.5587 29.8469 0.00853069
17.5621 29.849 0.00769104
18.5525 29.8239 -0.00142419
19.5334 29.8012 -0.000945728
20.5315 29.8053 -0.000720898
21.5583 29.8134 0.00962225
22.5781 29.844 0.0102702
23.5801 29.8425 -0.00958604
24.591 29.8395 -0.00524488
25.6091 29.8086 -0.0068868
26.6057 29.7928 -0.00691134
27.5924 29.7855 0.00960358
28.5813 29.8133 -0.0170205
29.5875 29.8091 1.29504e-05
30.628 29.8158 -0.00578251
31.6375 29.8387 -0.00636654
32.6355 29.8251 -0.00323224
33.6276 29.794 -0.00496867
34.622 29.8453 -0.0187183
34.6475 30.8758 1.55967
34.6659 31.8851 1.57419
34.6873 32.8787 1.57467
34.6717 33.8875 1.57444
34.65 34.8888 1.5834
34.6404 35.8848 1.5946
34.6049 36.8668 1.57908
34.6264 37.8717 1.58229
34.606 38.8533 1.57509
34.5878 39.8342 1.57885
34.6201 40.8528 1.5845
34.5972 41.8598 1.59049
34.5736 42.8657 1.57907
34.5601 43.8566 1.58268
34.5169 44.8489 1.58374
34.4892 45.8193 1.57603
34.4932 46.8066 1.58423
34.4716 47.8111 1.59201
34.4731 48.7909 1.5993
34.4159 49.7985 1.59593
35.4353 49.8081 0.0355238
36.4281 49.823 0.0235699
37.4155 49.8841 0.0117261
38.4215 49.9108 0.0124835
39.4117 49.913 0.0291121
40.418 49.9174 0.0118318
41.4343 49.8963 0.0102598
42.4224 49.8925 -0.00378412
43.4175 49.9063 0.0045723
44.4205 49.9061 0.0115815
45.4156 49.9426 0.0102751
46.4073 49.9526 0.0097445
47.4172 49.9683 0.0234588
48.42 50.0153 0.0140222
49.4174 50.0242 0.0123161
49.4106 49.0118 -1.56169
49.421 47.9986 -1.55641
49.4361 46.9983 -1.56106
49.4555 46.008 -1.55189
49.4643 44.9908 -1.56002
50.4544 44.9732 0.00473717
51.4668 44.976 -0.00806792
52.4686 44.9576 0.000856271
53.4887 44.9651 0.00662877
54.5009 44.9698 0.0182697
54.5119 45.9595 1.59121
54.452 46.9305 1.58443
54.4582 47.9232 1.56533
54.4574 48.9685 1.55852
54.4741 50.0034 1.58853
53.4545 50.0412 -3.12628
52.429 50.0666 -3.13219
51.4276 50.0203 3.12883
50.421 50.0426 -3.12722
49.428 50.0215 -3.13126
48.4175 50.0451 -3.12496
47.4584 50.0357 -3.13702
46.4711 49.9883 -3.12918
45.4543 49.9665 -3.12151
44.4189 49.9437 -3.12443
43.4216 49.8988 -3.12743
42.4113 49.9026 -3.1297
41.4162 49.8994 -3.13434
40.4095 49.909 -3.13142
39.4179 49.9074 -3.1406
38.4002 49.9011 -3.12553
37.4223 49.8996 -3.12316
36.4336 49.889 -3.12383
35.434 49.8381 -3.1207
34.4412 49.7945 -3.11929
33.4539 49.7556 -3.12115
32.4392 49.7596 3.14009
31.4506 49.7422 -3.13879
30.475 49.7861 -3.13796
29.4761 49.76 3.13982
28.4554 49.7422 -3.13797
27.4471 49.7182 -3.13519
26.4383 49.7353 -3.12865
25.4309 49.7297 -3.11397
24.4307 49.7022 -3.12703
23.4502 49.7034 -3.13229
22.4373 49.6895 3.13477
21.4273 49.7158 3.13028
20.4423 49.6847 3.12871
19.4334 49.7105 3.12541
18.4121 49.7173 3.12728
17.4206 49.7367 -3.14157
16.4058 49.7576 3.1333
15.3974 49.7968 3.13236
14.4 49.7846 -3.14136
13.4003 49.7803 3.13249
12.409 49.7939 3.13395
11.3955 49.7975 3.12716
10.4184 49.8224 3.13254
9.39475 49.8454 3.13318
8.41834 49.8588 3.13925
7.43622 49.8572 3.12645
6.44001 49.8792 3.13904
5.42694 49.8794 3.13884
4.41388 49.8724 3.12389
3.40453 49.8767 3.12287
2.41647 49.8952 3.12418
1.41419 49.9138 3.12887
0.38873 49.9152 3.12773
-0.587902 49.942 3.10949
-1.59061 49.9812 3.12938
-2.60942 50.0204 -3.14044
-3.60438 50.0036 -3.13367
-4.61123 49.9852 3.13662
-5.59669 49.9855 3.12831
-6.62662 50.0097 3.11946
-7.59727 50.0235 3.12694
-8.5975 50.037 3.13471
-9.5846 50.0428 3.12898
-10.5999 50.0503 3.13604
-10.5996 49.0401 -1.56832
-10.6098 48.025 -1.57843
-10.6081 47.0399 -1.5656
-10.6312 46.0413 -1.55933
-10.6426 45.0051 -1.55652
-10.6269 43.9972 -1.55133
-10.6258 42.9871 -1.56023
-10.612 41.964 -1.56329
-10.6046 40.9575 -1.56229
-10.5919 39.9881 -1.55233
-10.5926 39.002 -1.53512
-10.5612 37.993 -1.53991
-10.5178 37.0004 -1.5434
-10.5117 36.0022 -1.5583
-10.5143 34.9916 -1.54983
-10.4622 33.9872 -1.54171
-10.4125 32.969 -1.54406
-10.3766 31.9705 -1.54888
-10.377 31.0076 -1.54729
-10.3792 30.0441 -1.56862
-10.3961 29.0479 -1.57444
-10.456 28.0846 -1.58037
-10.4797 27.0961 -1.57861
-10.4715 26.1007 -1.5754
-10.4802 25.0516 -1.57659
-10.4875 24.0206 -1.57711
-10.5033 23.0199 -1.55696
-10.5184 22.0624 -1.56597
-10.5093 21.0496 -1.56614
-10.5247 20.0903 -1.55146
-10.4903 19.1111 -1.55359
-10.4282 18.1104 -1.55643
-10.4342 17.0979 -1.55617
-10.4344 16.1204 -1.54331
-10.4153 15.1181 -1.54222
-10.3852 14.1147 -1.5573
-10.3702 13.1234 -1.55513
-10.3494 12.1421 -1.56178
-10.353 11.1682 -1.54356
-10.3696 10.182 -1.53487
-10.3467 9.17617 -1.52727
-10.3101 8.13464 -1.54708
-10.3038 7.14924 -1.53418
-10.258 6.15296 -1.54365
-10.2463 5.16137 -1.54655
-9.269 5.2012 0.0254322
-8.24872 5.21666 0.0250261
-7.25847 5.22201 0.0303908
-6.21924 5.2528 0.048739
-5.1854 5.31874 0.0491912
-5.23069 6.28656 1.60929
-5.2961 7.27389 1.59989
-5.32758 8.24357 1.59982
-5.35236 9.23829 1.60047
-5.36951 10.2242 1.5754
-5.37706 11.2324 1.58252
-5.40827 12.2086 1.5803
-5.41934 13.2098 1.57931
-5.41988 14.1951 1.56535
-5.42207 15.1844 1.57638
-5.42667 16.1909 1.56407
-5.41087 17.1593 1.58417
-5.43242 18.1867 1.57372
-5.43615 19.1802 1.58434
-5.44275 20.169 1.57846
-5.4723 21.1691 1.57278
-5.47891 22.1708 1.57421
-5.48307 23.1705 1.56657
-5.46494 24.1531 1.54682
-5.47672 25.1333 1.56458
-4.45375 25.1188 -0.00815001
-3.44214 25.074 -0.028938
-2.43017 25.0585 -0.0257541
-1.41849 25.0345 -0.0133453
-0.41215 25.0249 -0.018131
0.602328 25.0276 -0.0151117
1.6016 25.0026 -0.00148542
2.58305 25.0103 -0.00526038
3.57152 24.9882 -0.0148859
4.58008 25.014 -0.0214716
5.60053 24.9885 -0.0102198
6.62809 24.9967 -0.0152964
7.62016 24.9691 -0.0192318
8.60823 24.9693 -0.011793
9.59321 24.9424 -0.0134349
10.6024 24.8993 -0.0122856
11.6067 24.9251 -0.0108482
12.6506 24.8878 -0.0109508
13.6584 24.8521 -0.00904809
14.6317 24.8434 0.0167698
15.604 24.8517 0.00408732
16.5892 24.88 -0.00821609
17.6083 24.851 -0.00610426
18.5886 24.8351 -0.0170148
19.5549 24.8057 -0.00556277
20.5683 24.7911 0.000149504
21.5313 24.7692 0.00467785
22.5615 24.7936 0.0116201
23.5735 24.8408 0.0047094
24.5854 24.8099 0.00508931
25.575 24.8003 0.000409832
26.5686 24.7768 0.00812722
27.561 24.7714 0.0193888
28.6011 24.7754 0.000763245
29.5966 24.7573 0.00789561
30.5844 24.7683 0.0124189
31.6042 24.7845 0.00992053
32.6211 24.7969 0.00699116
33.6244 24.8047 0.010672
34.6365 24.8241 0.0165863
35.6362 24.8111 -0.00144918
36.6464 24.78 0.0198633
37.6606 24.8301 0.0176375
38.6647 24.8413 0.0134466
39.659 24.828 0.0115269
40.6508 24.8337 0.00753329
41.642 24.8535 0.0168679
42.6412 24.8636 0.0152999
43.6368 24.8901 0.00712776
44.6639 24.8864 0.0113551
45.6422 24.8761 0.0128362
46.6347 24.8999 0.0211404
47.6083 24.9253 0.0382436
48.6306 24.9923 0.0334639
49.6142 25.0019 0.0426807
49.6213 25.9958 1.60796
49.606 26.9998 1.59908
49.5838 28.0001 1.59131
49.5716 29.0072 1.58918
49.58 29.9729 1.58503
49.5529 30.9771 1.57817
49.5472 31.9491 1.5718
49.5316 32.9541 1.57799
49.5375 33.9556 1.58505
49.5302 34.9867 1.59665
49.5207 35.9937 1.60146
49.4984 36.9877 1.58235
49.4901 37.9583 1.58899
49.4721 38.9944 1.56132
49.4724 40.0142 1.56165
49.4357 41.0074 1.57082
49.4441 41.9915 1.56572
49.4643 42.9697 1.56206
49.4648 43.9864 1.57732
49.4618 44.9905 1.57413
49.4451 45.9692 1.57346
49.4578 46.9695 1.57603
49.4551 47.9473 1.59235
49.4239 48.9392 1.60306
49.3882 49.9696 1.58498
48.3877 49.9383 -3.12568
47.3902 49.9399 -3.12372
46.3956 49.933 -3.12303
45.4052 49.9431 -3.1212
44.4226 49.9426 -3.13598
43.423 49.929 -3.13788
42.4405 49.9397 -3.13628
41.4456 49.9063 -3.12726
40.4459 49.8743 -3.12489
39.4191 49.8781 -3.12513
39.4203 48.9028 -1.55687
39.4392 47.8923 -1.56259
39.4385 46.8747 -1.56125
39.4566 45.8609 -1.57075
39.4532 44.8897 -1.56943
39.4554 43.8781 -1.56288
39.4689 42.8664 -1.54248
39.4697 41.8714 -1.5536
39.4908 40.8723 -1.5612
39.4968 39.8939 -1.56349
39.5064 38.8745 -1.56729
39.5213 37.8742 -1.5664
39.5434 36.8902 -1.5659
39.5674 35.8998 -1.56029
39.5721 34.8447 -1.5601
39.6095 33.8366 -1.5591
39.621 32.8094 -1.56534
39.6214 31.8283 -1.58235
39.6088 30.8322 -1.58121
39.5981 29.8237 -1.56683
39.5956 28.8252 -1.56811
39.5975 27.8369 -1.57043
39.62 26.852 -1.55087
39.6438 25.8548 -1.55579
39.6577 24.849 -1.55568
39.6815 23.8368 -1.5502
39.681 22.864 -1.55821
39.7054 21.8482 -1.55418
39.7048 20.8526 -1.55655
39.695 19.8496 -1.56013
39.7108 18.8388 -1.55726
39.7027 17.8416 -1.54526
39.7548 16.7911 -1.53756
39.7619 15.7896 -1.53448
39.7762 14.7852 -1.536
39.8093 13.787 -1.53517
39.8456 12.7861 -1.54204
39.8777 11.7767 -1.54778
39.9151 10.781 -1.54423
39.9397 9.81178 -1.53974
39.9706 8.7858 -1.53631
39.9988 7.77917 -1.54156
40.0432 6.78391 -1.55199
40.0524 5.7672 -1.54977
40.0438 4.7615 -1.55443
40.0744 3.75697 -1.54197
40.1025 2.76515 -1.55195
40.123 1.76363 -1.55949
40.1736 0.748222 -1.54853
40.1958 -0.220134 -1.53994
40.2037 -1.23416 -1.5595
40.2042 -2.23034 -1.5559
40.2356 -3.18938 -1.55379
40.2396 -4.18922 -1.56173
40.2659 -5.20602 -1.5466
39.3049 -5.21459 -3.12245
38.2887 -5.18398 -3.12512
37.2783 -5.24322 -3.126
36.2734 -5.26243 -3.12248
35.2567 -5.26724 -3.12157
34.2424 -5.31608 -3.13431
33.2395 -5.31923 -3.1267
32.2467 -5.30581 -3.11691
31.2213 -5.31888 -3.11503
30.198 -5.37389 -3.09983
29.1753 -5.41986 -3.1012
28.1262 -5.44846 -3.10672
27.1377 -5.51119 -3.10741
26.1512 -5.55567 -3.11257
25.1683 -5.55144 -3.11342
24.1743 -5.56723 -3.10846
23.1617 -5.57096 -3.10353
22.1628 -5.59707 -3.09346
21.152 -5.62342 -3.09888
20.1625 -5.65014 -3.09886
19.1496 -5.69084 -3.09617
18.1747 -5.72393 -3.09217
17.1929 -5.78457 -3.08299
16.1754 -5.83832 -3.0713
15.1556 -5.89508 -3.07246
14.161 -6.00215 -3.07591
13.1844 -6.04803 -3.0861
12.2 -6.13928 -3.07482
11.1951 -6.19114 -3.07967
10.1777 -6.23641 -3.07994
9.15378 -6.28988 -3.08604
8.16452 -6.3517 -3.08872
7.14251 -6.39661 -3.07961
6.12843 -6.48162 -3.09095
5.11706 -6.52966 -3.11193
4.12862 -6.56223 -3.11725
3.16064 -6.57898 -3.11427
2.1861 -6.61439 -3.12137
1.15091 -6.63137 -3.13207
0.143321 -6.65466 -3.13804
-0.874312 -6.6641 -3.12506
-1.91422 -6.67075 -3.12247
-2.92196 -6.69537 -3.11514
-3.93816 -6.72689 -3.12005
-4.95672 -6.76897 -3.12651
-5.95996 -6.78038 -3.13003
-6.97981 -6.80081 -3.122
-7.99227 -6.80759 -3.12671
-8.96495 -6.8591 -3.13386
-9.94472 -6.84487 -3.11835
-10.9358 -6.85769 -3.10971
-11.9139 -6.88235 -3.09917
-12.931 -6.91865 -3.10051
-13.9473 -6.97014 -3.09689
-14.9529 -6.98628 -3.08925
-15.9563 -7.05638 -3.09056
-16.9788 -7.13687 -3.09019
-17.9747 -7.17937 -3.10561
-18.9892 -7.22544 -3.08302
-19.9985 -7.28539 -3.0799
-21.0135 -7.36615 -3.0752
-21.9864 -7.41393 -3.0814
-22.9679 -7.50064 -3.07992
-23.961 -7.59199 -3.1003
-24.9528 -7.62847 -3.10825
-25.9758 -7.64769 -3.1086
-26.9833 -7.69276 -3.11111
-27.9617 -7.69963 -3.1063
-28.9507 -7.71937 -3.11247
-29.9538 -7.75642 -3.12292
-30.9423 -7.75611 -3.13381
-31.9644 -7.78931 -3.13096
-32.9771 -7.78685 3.13543
-33.9808 -7.77961 3.13875
-34.993 -7.77303 3.13924
-36.0219 -7.79505 -3.13917
-37.0175 -7.77706 3.13934
-38.0352 -7.7549 -3.1322
-39.0165 -7.74959 -3.12586
-40.0576 -7.76667 -3.10865
-41.058 -7.80729 -3.11436
-42.0797 -7.87001 -3.11008
-43.0999 -7.90987 -3.12862
-44.0767 -7.91552 -3.1289
-45.0782 -7.95555 -3.1253
-45.0442 -8.93502 -1.54306
-45.0167 -9.95027 -1.53887
-44.9623 -10.9422 -1.53887
-44.9416 -11.9243 -1.55393
-44.8989 -12.9225 -1.54201
-44.8965 -13.9157 -1.53931
-44.8843 -14.9532 -1.53734
-44.8472 -15.9214 -1.54114
-44.8188 -16.9225 -1.53414
-44.8079 -17.9245 -1.53087
-44.7976 -18.9215 -1.53137
-44.7622 -19.8712 -1.5318
-44.7436 -20.8465 -1.52315
-44.6908 -21.8535 -1.54042
-44.6471 -22.8583 -1.53239
-45.6456 -22.902 -3.10552
-46.642 -22.9377 -3.10282
-47.6586 -22.9673 -3.10146
-48.6467 -23.0039 -3.08787
-49.6489 -23.0244 -3.10627
-49.686 -22.0116 1.62172
-49.699 -20.9774 1.64519
-49.7132 -19.9748 1.64275
-49.7797 -18.9708 1.62595
-49.8909 -17.9495 1.61754
-49.9455 -16.9421 1.6101
-49.9797 -15.9206 1.60532
-50.0216 -14.894 1.58864
-50.0289 -13.9114 1.57371
-50.0167 -12.8991 1.57306
-50.0366 -11.9265 1.57366
-50.0216 -10.9315 1.59197
-50.0515 -9.94876 1.57584
-50.0624 -8.9495 1.58887
-50.0621 -7.96345 1.58278
-49.0459 -7.97177 0.00541711
-48.0421 -8.00221 0.0112023
-47.0775 -7.97247 0.021507
-46.0784 -7.91072 0.0199359
-45.0943 -7.92218 0.00778767
-45.0536 -8.9347 -1.55579
-45.0135 -9.89711 -1.5422
-44.9795 -10.9065 -1.53932
-44.9248 -11.9217 -1.5466
-44.9028 -12.9424 -1.55037
-44.8719 -13.9346 -1.55161
-44.8827 -14.9239 -1.54416
-44.8483 -15.9232 -1.53391
-44.8038 -16.9021 -1.54482
-44.7769 -17.8978 -1.55956
-44.7339 -18.8924 -1.53394
-44.746 -19.8671 -1.52777
-44.7037 -20.8604 -1.53417
-44.6624 -21.8775 -1.53081
-44.6364 -22.8598 -1.52912
-44.591 -23.8666 -1.52356
-44.5412 -24.8753 -1.51972
-44.4976 -25.8928 -1.5105
-44.4847 -26.8584 -1.51307
-44.4039 -27.8365 -1.52527
-44.344 -28.7979 -1.52349
-44.3381 -29.7878 -1.53595
-44.3297 -30.8065 -1.53553
-44.2746 -31.7825 -1.5346
-44.2053 -32.782 -1.53539
-44.1727 -33.7915 -1.53838
-44.1369 -34.7763 -1.55538
-44.1327 -35.7917 -1.57166
-44.1434 -36.7769 -1.58267
-44.1481 -37.7711 -1.58861
-44.1516 -38.7843 -1.59776
-44.2059 -39.7665 -1.604
-44.2175 -40.7711 -1.60733
-44.2429 -41.7673 -1.62102
-44.316 -42.764 -1.63147
-43.3413 -42.8243 -0.0563365
-42.3423 -42.8992 -0.0557095
-41.3353 -42.9448 -0.0741825
-40.3135 -43.0583 -0.0834525
-39.3144 -43.1226 -0.0995145
-38.3081 -43.2363 -0.0987715
-37.3415 -43.3584 -0.0903935
-36.3409 -43.4249 -0.0881385
-35.3467 -43.5171 -0.0786755
-34.3417 -43.5948 -0.0791525
-33.3459 -43.687 -0.0834795
-32.376 -43.7898 -0.10135
-31.3813 -43.8847 -0.104311
-30.3752 -43.9963 -0.120947
-29.4083 -44.1193 -0.129216
-28.3898 -44.2737 -0.135006
-27.3936 -44.4003 -0.122836
-26.3969 -44.4892 -0.126714
-25.4173 -44.6104 -0.121155
-24.4022 -44.7098 -0.124642
-23.4502 -44.8443 -0.134417
-22.4615 -44.9457 -0.136791
-21.4867 -45.095 -0.127072
-20.5197 -45.205 -0.114092
-19.5316 -45.3059 -0.111965
-19.3849 -44.3212 1.47064
-19.2902 -43.365 1.47743
-19.1857 -42.3895 1.48531
-19.1067 -41.3853 1.49542
-19.0147 -40.4005 1.48862
-18.9223 -39.427 1.48027
-18.8085 -38.4225 1.48303
-18.6965 -37.4447 1.48362
-18.6506 -36.4816 1.47993
-18.5451 -35.4696 1.48218
-18.4654 -34.5012 1.47985
-18.3831 -33.5245 1.49348
-18.3257 -32.5235 1.49947
-18.2751 -31.5279 1.51672
-18.2037 -30.5298 1.517
-18.1552 -29.5101 1.50386
-18.0787 -28.507 1.50008
-18.0115 -27.4829 1.49379
-17.945 -26.4739 1.4809
-17.8692 -25.4425 1.45089
-18.8721 -25.3216 3.01496
-19.8747 -25.2125 3.01975
-20.8543 -25.0673 3.01421
-21.8619 -24.9479 3.0042
-22.8606 -24.848 3.01557
-23.877 -24.7259 3.00899
-24.8749 -24.5792 3.00344
-25.875 -24.4863 3.00405
-26.8577 -24.3536 3.00313
-27.8497 -24.2452 3.00442
-28.7987 -24.101 2.99493
-29.8075 -23.9559 2.98472
-29.9197 -22.3058 -1.04611
