-6.75302e-08 -8.79224e-08 -1.24041e-06
0.976211 -0.0134379 0.0086977
1.96337 0.00574873 0.0018454
2.96407 0.00991619 0.00503529
3.95189 0.00714855 -0.00604411
4.99476 -0.0527327 -0.0106888
5.99754 -0.0796334 -0.0166986
6.99206 -0.0855124 -0.0208208
7.98695 -0.139144 -0.0182488
8.9587 -0.171334 -0.0256565
9.97415 -0.171172 -0.0189402
10.9517 -0.199275 -0.0157173
11.9504 -0.217761 -0.0113643
12.9707 -0.23998 0.000969205
13.9516 -0.250562 -0.00842499
14.9638 -0.271221 -0.0110211
15.9695 -0.286981 -0.00394642
16.9549 -0.269362 -0.00471025
17.9416 -0.294712 -0.00781789
18.9288 -0.27728 -0.00706638
19.9276 -0.307685 -0.0157209
20.9222 -0.30195 -0.0175004
21.921 -0.309689 -0.00562014
22.9275 -0.340081 -0.00911658
23.9187 -0.344575 -0.0180597
24.9275 -0.329452 -0.00455299
23.9335 -0.286881 3.13996
22.922 -0.313252 3.13448
21.9314 -0.326896 3.12434
20.914 -0.308451 3.13371
19.9247 -0.279975 3.12901
19.9308 0.712218 1.5644
19.9182 1.70506 1.56426
19.8925 2.7014 1.5524
19.9484 3.70528 1.55364
19.9723 4.72327 1.55334
20.9874 4.68523 -0.0104018
21.9726 4.67032 -0.0132384
22.9816 4.6437 -0.00412827
23.9917 4.64697 -0.0157062
24.9817 4.63881 -0.00651307
25.9846 4.61439 -0.00756831
26.978 4.59315 -0.0106142
27.9991 4.55818 -0.0049059
28.9952 4.54904 -0.00699946
30.0039 4.51768 -0.0152436
30.9756 4.50515 -0.0165212
31.9767 4.48536 -0.0147922
32.9633 4.49875 -0.019769
33.9598 4.47329 -0.018173
34.9214 4.43284 -0.0154053
35.9201 4.40058 -0.0179752
36.9252 4.41002 -0.00405969
37.9564 4.41812 0.0042041
38.9749 4.40639 -0.00388254
39.9683 4.40731 0.00306346
40.9642 4.42095 0.013591
41.9493 4.41833 0.00909441
42.9485 4.41681 -0.000237884
43.9633 4.42482 -0.00293647
44.9742 4.41777 -0.0135451
45.959 4.40935 -0.0123889
46.943 4.40271 -0.0130133
47.9545 4.42591 0.00429126
48.9476 4.43941 0.00575072
49.9755 4.41282 0.00386499
49.9715 5.43295 1.57842
49.9912 6.43181 1.56748
49.991 7.42152 1.57036
49.9998 8.41667 1.55762
49.9821 9.40313 1.55413
49.9717 10.3892 1.55838
49.9963 11.3554 1.56684
50.037 12.3815 1.56877
50.0511 13.3909 1.57612
50.0337 14.387 1.56847
50.0228 15.4172 1.58336
50.0427 16.3923 1.58367
50.0329 17.4099 1.57426
50.0183 18.413 1.59361
50.0137 19.4042 1.5937
50.0103 20.4191 1.59462
49.9957 21.4096 1.58645
49.951 22.4342 1.58276
49.9265 23.4237 1.57654
49.9539 24.4087 1.57294
49.9599 25.4082 1.5609
49.9472 26.4176 1.55637
49.9769 27.4141 1.56049
49.9893 28.4021 1.56141
49.9979 29.3826 1.54573
48.9943 29.3896 3.12798
47.9917 29.4251 3.1384
46.9817 29.4161 3.13839
45.988 29.4067 3.13088
44.9906 29.4237 3.1334
44.9983 30.4181 1.56033
45.0028 31.4018 1.56932
44.9992 32.4269 1.55669
45.0209 33.4408 1.53972
45.0507 34.4227 1.55923
45.079 35.4275 1.5525
45.0827 36.4438 1.55743
45.0928 37.4386 1.55107
45.125 38.409 1.54568
45.143 39.4394 1.55396
45.1409 40.4537 1.55948
45.1722 41.4412 1.55912
45.162 42.4437 1.55278
45.1845 43.414 1.55188
45.1891 44.4322 1.54754
45.1875 45.4549 1.54183
45.1896 46.4461 1.54666
45.2471 47.4526 1.54825
45.2644 48.4432 1.54844
45.2935 49.4349 1.55988
44.2956 49.44 3.125
43.3022 49.4786 3.12567
42.2812 49.5061 3.14032
41.2853 49.4933 3.13665
40.2717 49.5144 3.12735
40.2758 48.5003 -1.58144
40.2577 47.5014 -1.58075
40.2475 46.5013 -1.58717
40.2335 45.5082 -1.56804
40.2153 44.495 -1.58069
40.1798 43.5013 -1.58403
40.1666 42.5103 -1.58314
40.1482 41.5143 -1.58277
40.1311 40.5052 -1.5746
40.1479 39.4988 -1.57101
41.1402 39.4638 -0.0049264
42.1328 39.4689 -0.00036338
43.1625 39.4704 -0.00760968
44.1452 39.4429 -0.0186452
45.1331 39.4259 -0.0233581
45.1221 38.4193 -1.58559
45.1119 37.434 -1.57905
45.0874 36.4385 -1.58323
45.0644 35.4399 -1.57894
45.0205 34.3996 -1.58312
45.0575 33.4193 -1.58891
45.0305 32.415 -1.57822
45.0171 31.4292 -1.57607
44.9975 30.4257 -1.57798
44.9795 29.4109 -1.58282
44.9618 28.4225 -1.58077
44.9744 27.4293 -1.58363
44.9771 26.4061 -1.58703
44.964 25.4307 -1.58029
44.9462 24.4253 -1.57389
43.936 24.4228 -3.13773
42.9412 24.4541 3.12977
41.9689 24.4438 3.13375
40.9679 24.4426 3.12886
39.9733 24.4526 3.12536
38.9867 24.4801 3.13545
37.9689 24.4716 3.13632
36.9497 24.5022 3.12368
35.9656 24.4902 3.12752
35.0104 24.4818 3.12623
33.9881 24.4804 3.12482
33.0231 24.4785 3.11623
32.0223 24.5272 3.11431
31.0408 24.5183 3.10785
30.0532 24.5519 3.10236
29.0348 24.5852 3.11496
28.0378 24.6018 3.10846
27.0582 24.655 3.12091
26.0184 24.6716 3.12462
25.0208 24.6866 3.12013
25.061 25.6385 1.54269
25.083 26.6501 1.54732
25.1209 27.6703 1.55429
25.1317 28.6763 1.55011
25.1636 29.6611 1.55184
25.1848 30.6661 1.55458
25.2244 31.6799 1.54603
25.262 32.6453 1.5565
25.2786 33.6615 1.55025
25.279 34.6682 1.54835
25.3008 35.6594 1.5719
25.3291 36.6621 1.56862
25.3438 37.6449 1.56249
25.3521 38.6348 1.55679
25.3815 39.651 1.54943
25.3614 40.6368 1.55572
25.3831 41.6035 1.5562
25.3753 42.6051 1.55442
25.3836 43.6025 1.56427
25.3965 44.6134 1.57883
25.3747 45.6108 1.58603
25.3657 46.607 1.57999
25.3195 47.5815 1.5832
25.3213 48.5538 1.57486
25.3115 49.5522 1.56131
24.3038 49.5595 3.14016
23.3034 49.5694 3.13058
22.3077 49.5449 3.12419
21.2976 49.5771 3.12503
20.316 49.5831 3.11542
19.2931 49.6075 3.12894
18.3014 49.6096 3.13843
17.3013 49.6161 3.13557
16.2795 49.6427 3.1379
15.3036 49.6596 -3.1403
14.2888 49.6262 -3.13787
13.3058 49.6487 3.13904
12.2897 49.6387 3.1407
11.2866 49.6755 3.12937
10.2994 49.6755 3.13171
9.2932 49.6547 3.13679
8.31001 49.6392 3.12488
7.30901 49.6631 3.13819
6.31481 49.6876 3.13926
5.30802 49.6826 3.13906
4.31514 49.6964 3.14047
3.30019 49.6825 -3.14122
2.30225 49.7055 3.1331
1.29357 49.6957 3.12605
0.28073 49.7278 3.12598
-0.734389 49.7339 -3.13778
-1.75038 49.7379 -3.13002
-2.75371 49.7268 3.13876
-3.73935 49.7572 3.12895
-4.7353 49.7429 3.12353
-5.73122 49.7935 3.12837
-6.75198 49.791 -3.13602
-7.75223 49.8157 -3.12276
-8.73837 49.8081 -3.13937
-9.73687 49.8199 3.13598
-10.7327 49.8376 3.13678
-11.711 49.8227 3.13428
-12.6852 49.8603 3.12418
-13.6925 49.8654 3.12254
-14.7116 49.8244 3.11472
-15.7214 49.8499 3.12629
-16.7443 49.8856 3.13493
-17.7418 49.8811 3.13747
-18.7437 49.9158 3.1271
-19.7367 49.8982 3.13624
-20.7499 49.9078 3.13303
-21.7353 49.8974 3.1196
-22.7553 49.8956 3.12711
-23.7405 49.9412 3.12428
-24.738 49.9254 3.12627
-25.7385 49.9372 3.13428
-26.7446 49.9456 3.13267
-27.7284 49.9538 3.13202
-28.7497 49.9925 -3.14057
-29.7355 49.9837 3.14083
-30.7291 49.988 -3.13439
-31.7388 49.983 -3.12708
-32.7445 49.9673 -3.1342
-33.7305 49.9752 -3.13645
-34.7458 49.9179 -3.13401
-35.7463 49.9523 -3.13728
-36.7498 49.9471 3.13422
-37.7548 49.9656 -3.14111
-38.7508 49.9867 -3.13299
-39.7215 49.9979 -3.12604
-40.7287 50.0134 -3.13207
-41.7244 49.9836 3.12306
-42.7239 50.0061 3.1346
-43.7187 50.0133 3.13854
-44.685 50.0235 3.13588
-45.6468 50.0156 3.13381
-46.6734 50.0285 3.12702
-47.6626 50.0414 3.12455
-48.6736 50.0494 3.12811
-49.7018 50.0814 3.12971
-49.7157 49.0722 -1.57914
-49.7331 48.039 -1.57697
-49.7174 47.0096 -1.58837
-49.7316 46.0175 -1.58562
-49.7448 44.9947 -1.58859
-49.7732 43.9962 -1.58425
-49.7938 43.0081 -1.58775
-49.8177 41.9941 -1.58724
-49.826 40.9946 -1.58699
-49.8413 39.997 -1.59301
-49.8613 38.9952 -1.59079
-49.8929 37.9993 -1.58714
-49.9243 36.9984 -1.59199
-49.9287 35.9995 -1.59046
-49.9452 34.9926 -1.59307
-49.9631 34.0065 -1.58665
-49.9912 33.0226 -1.58586
-50.0065 32.0103 -1.5909
-50.0094 31.0064 -1.57715
-50.0109 30.0077 -1.57364
-50.0106 29.0034 -1.58129
-50.0288 27.9936 -1.58409
-50.0406 27.0078 -1.58202
-50.0345 26.0141 -1.58164
-50.0525 25.0067 -1.57762
-50.0692 24.0287 -1.57725
-50.0658 23.0232 -1.57584
-50.0622 22.0221 -1.5783
-50.0657 21.0286 -1.57441
-50.0787 20.0215 -1.57505
-50.0787 19.0068 -1.58302
-50.0953 18.0194 -1.58298
-50.1047 17.0087 -1.57529
-50.1105 16.0086 -1.56448
-50.0931 14.9961 -1.56413
-49.092 15.0143 0.00804236
-48.0963 15.0127 0.0102004
-47.0912 15.0057 0.0042751
-46.0902 15.0323 0.00861463
-45.0877 15.0468 -0.014314
-44.0807 15.0247 0.00528291
-43.0735 15.0042 -0.00257858
-42.06 14.9898 -0.0128734
-41.0521 14.9778 -0.0185336
-40.0433 14.9593 -0.0228327
-39.0352 14.9309 -0.0230238
-38.0098 14.9081 -0.0230908
-36.9944 14.8879 -0.0199243
-36.0311 14.884 -0.00784798
-35.031 14.8709 -0.0032188
-34.026 14.8952 -0.00485551
-33.0336 14.8599 -0.00206361
-32.0669 14.8675 0.0144788
-31.0769 14.8643 0.030349
-30.0914 14.8681 0.0158304
-29.0863 14.8628 0.0191996
-28.076 14.936 0.00912822
-27.0595 14.9465 0.0108867
-26.0731 14.9459 0.00580298
-25.0752 14.9603 0.00288708
-24.0665 14.9394 0.01004
-23.064 14.9652 0.00652388
-22.067 15.0056 -0.000747849
-21.0656 15.0108 -0.00678344
-20.0729 15.008 -0.00896008
-19.085 14.9481 0.00545174
-18.086 14.9379 -0.000902918
-17.0788 14.9164 -0.0109873
-16.0783 14.8904 -0.0124115
-15.0467 14.9017 -0.00374902
-14.057 14.8721 0.00307438
-13.0347 14.8707 0.00773546
-12.032 14.8855 -0.0122905
-11.0297 14.8583 -0.00135336
-10.0327 14.8968 0.0056099
-9.03239 14.9158 0.00502708
-8.01903 14.9407 0.00730941
-7.04518 14.979 0.0129886
-6.05617 14.9804 -0.000710429
-5.05294 14.9286 -0.00381447
-5.04867 15.946 1.5641
-5.00571 16.9652 1.55592
-4.99591 17.9412 1.56387
-5.00719 18.9268 1.56133
-5.01388 19.9187 1.57369
-4.99671 20.9065 1.58152
-4.96881 21.9159 1.57032
-5.00462 22.9093 1.55905
-4.97693 23.8869 1.55106
-4.96369 24.9102 1.54812
-4.90767 25.9077 1.55598
-4.88454 26.9185 1.53824
-4.85139 27.9072 1.54583
-4.86437 28.9221 1.56529
-4.85516 29.9581 1.57749
-4.87466 30.9698 1.56025
-4.87054 31.9847 1.56547
-4.87771 32.9921 1.56905
-4.87983 33.9595 1.56724
-4.89309 34.9581 1.60008
-4.91695 35.9498 1.59199
-4.95727 36.9676 1.59428
-4.98198 37.9626 1.5967
-4.98982 38.9371 1.60459
-5.01037 39.886 1.60239
-5.04569 40.8593 1.56491
-5.00445 41.8666 1.55573
-4.94066 42.8756 1.56059
-4.9208 43.8684 1.54164
-4.85367 44.8442 1.54575
-4.82004 45.8218 1.55451
-4.80335 46.8433 1.54727
-4.76058 47.8253 1.55316
-4.74659 48.8022 1.55301
-4.72155 49.7953 1.56009
-5.74528 49.7865 3.13431
-6.7321 49.7986 3.12782
-7.73441 49.788 3.12816
-8.75635 49.802 -3.13894
-9.73575 49.7938 3.14158
-10.7219 49.7995 3.13287
-11.7307 49.8219 3.13141
-12.718 49.8507 3.13907
-13.73 49.8294 3.14121
-14.7448 49.8452 3.13647
-15.7355 49.8697 3.1287
-16.742 49.862 3.13509
-17.7156 49.8764 3.13046
-18.7356 49.8932 3.13265
-19.737 49.8916 3.12718
-20.742 49.8814 3.1343
-21.7402 49.8938 3.13093
-22.763 49.8994 3.13854
-23.7517 49.9045 3.13086
-24.7325 49.908 3.12177
-25.7257 49.9492 3.12772
-26.7376 49.9761 3.13949
-27.7474 49.9797 -3.13803
-28.7519 49.9792 -3.13538
-29.7211 49.9846 -3.12875
-30.7093 49.9733 -3.12392
-31.6684 49.9565 -3.13085
-32.6732 49.9449 -3.12975
-33.6673 49.8909 -3.13336
-34.6875 49.909 -3.13047
-35.6887 49.9191 3.13912
-36.7014 49.9252 3.13659
-37.714 49.9273 3.12209
-38.7107 49.9343 3.11942
-39.7121 49.9531 -3.13933
-40.7228 49.9629 3.14021
-41.6988 49.9896 -3.13942
-42.7137 50.001 3.14107
-43.7196 50.0136 3.1326
-44.7017 50.0116 3.13938
-45.6985 50.0185 3.12984
-46.6911 50.0162 3.11143
-47.703 50.0524 3.12888
-48.692 50.0596 3.13577
-49.6765 50.0476 3.13278
-49.7133 49.0142 -1.57297
-49.7235 48.0126 -1.57512
-49.7349 47.0028 -1.57703
-49.7435 45.9907 -1.58266
-49.7671 44.9984 -1.58847
-49.7913 44.0053 -1.58796
-49.7834 42.9946 -1.58673
-49.7883 42.0024 -1.58771
-49.8207 40.9956 -1.58669
-49.8434 39.9906 -1.5903
-49.8585 38.986 -1.58643
-49.8927 37.9659 -1.58838
-49.9037 36.989 -1.58994
-49.9134 36.009 -1.59074
-49.96 35.0278 -1.58788
-49.9718 34.0209 -1.59388
-49.9909 33.0325 -1.58716
-50.0049 32.0255 -1.5807
-49.9899 31.0242 -1.58471
-50.0112 29.9896 -1.5878
-50.0105 29.0104 -1.58637
-50.0455 28.0347 -1.59383
-50.0409 27.0207 -1.58017
-50.0445 26.0176 -1.58008
-50.0306 25.0312 -1.58786
-50.0512 24.022 -1.58404
-50.0579 23.0147 -1.56742
-50.0677 22.0187 -1.57922
-50.0715 21.0036 -1.57929
-50.0751 20.0036 -1.57575
-50.0865 19.0052 -1.57459
-50.0783 18.0079 -1.57671
-50.1124 17.0362 -1.57107
-50.1055 15.9878 -1.57005
-50.0939 15.0048 -1.57088
-50.0625 13.9988 -1.55799
-50.0471 12.9998 -1.55457
-50.0303 12.0031 -1.55318
-50.028 10.9891 -1.56263
-50.0634 10.0238 -1.56249
-50.0591 9.01343 -1.55446
-50.0528 7.97401 -1.56302
-50.0452 6.99087 -1.56948
-50.0508 5.98724 -1.56521
-50.0304 4.98259 -1.57457
-50.0196 3.96648 -1.5693
-50.0024 2.96196 -1.57623
-50.0214 2.00812 -1.57002
-50.0102 1.01918 -1.5717
-50.0092 0.057074 -1.56446
-50.0125 -0.970271 -1.57644
-50.0147 -1.99815 -1.58009
-50.0599 -2.9771 -1.57397
-50.0554 -3.98042 -1.57616
-50.0582 -4.98979 -1.57263
-50.0336 -5.98205 -1.56908
-50.0785 -6.99588 -1.57362
-50.1015 -7.99453 -1.57959
-50.0893 -8.99495 -1.58068
-50.0926 -9.99882 -1.57878
-50.1152 -11.0137 -1.57756
-50.1295 -12.0072 -1.58036
-50.1462 -12.9996 -1.57326
-50.1309 -14.0209 -1.5753
-50.1329 -15.025 -1.57327
-50.1342 -16.0059 -1.57067
-50.1512 -17.05 -1.58202
-50.147 -18.0449 -1.58592
-50.1322 -19.0369 -1.57806
-50.1572 -20.0688 -1.57739
-50.1326 -21.0703 -1.59083
-50.1831 -22.0694 -1.57297
-50.2092 -23.0509 -1.57674
-50.1982 -24.0698 -1.56969
-50.1835 -25.0372 -1.57062
-50.1979 -26.0238 -1.57263
-50.1953 -27.0272 -1.5706
-50.2193 -28.0177 -1.57246
-50.2101 -29.0131 -1.57502
-50.2105 -30.0024 -1.57042
-50.2201 -30.9908 -1.56338
-50.2206 -31.9746 -1.57064
-50.2225 -32.9577 -1.58625
-50.2436 -33.9661 -1.58874
-50.2495 -34.9792 -1.56855
-50.2565 -36.0026 -1.56602
-50.2582 -36.9972 -1.55592
-50.2634 -37.9843 -1.56502
-50.2412 -39.0112 -1.56969
-50.2544 -39.9747 -1.57291
-50.2353 -40.9787 -1.57096
-50.2318 -41.9852 -1.56834
-50.2346 -42.9876 -1.57751
-50.2055 -44.0054 -1.58091
-50.2215 -44.9968 -1.56916
-50.24 -46.0108 -1.55515
-50.2507 -47.0279 -1.56614
-50.2438 -48.0423 -1.5746
-50.2309 -49.0163 -1.56647
-50.2399 -50.0213 -1.57008
-49.2432 -49.997 -0.00784784
-48.2227 -49.9676 -0.00140097
-47.2436 -49.9527 -0.00861441
-46.2436 -49.9727 -0.0100825
-45.2506 -49.9748 -0.00424529
-44.2432 -49.9728 -0.01225
-43.2365 -49.9965 -0.0159252
-42.225 -50.0362 -0.0163294
-41.2245 -50.0241 -0.0012666
-40.2376 -50.0273 -0.00596217
-39.2335 -50.0328 -0.0110734
-38.2125 -50.035 -0.0100307
-37.1895 -50.068 -0.0208866
-36.213 -50.0464 -0.00501975
-35.2079 -50.0343 -0.00519711
-34.2164 -50.039 -0.00231019
-33.2255 -50.0642 0.00104555
-32.2068 -50.0219 0.0102861
-31.2214 -50.0213 -0.00340807
-30.2311 -50.0112 0.0121142
-30.1882 -51.0202 -1.54896
-30.1385 -52.0009 -1.54929
-30.1232 -52.998 -1.56115
-30.1758 -54.0047 -1.58106
-30.1851 -55.0213 -1.58822
-29.1441 -55.0731 -0.0162537
-28.1468 -55.0581 -0.019243
-27.1486 -55.1292 -0.00712668
-26.1089 -55.1311 -0.0229106
-25.1159 -55.1393 -0.0160436
-24.1072 -55.157 -0.0134281
-23.1442 -55.1548 -0.0126292
-22.1257 -55.155 -7.29574e-06
-21.1426 -55.1209 -0.00257564
-20.114 -55.1361 -0.013104
-19.1013 -55.1735 -0.0112245
-18.1027 -55.1909 -0.0157134
-17.1255 -55.2117 -0.0264592
-16.1309 -55.2508 -0.0305508
-15.1464 -55.2746 -0.026952
-14.1544 -55.307 -0.0191285
-13.1949 -55.3279 -0.0141526
-12.1645 -55.3146 -0.022653
-11.1658 -55.3589 -0.0159307
-10.1674 -55.364 -0.000529797
-9.11767 -55.3903 0.0229176
-8.15003 -55.3866 0.0284255
-7.15674 -55.3941 0.0122791
-6.12979 -55.3732 0.00815004
-5.15509 -55.3512 0.0194318
-4.15695 -55.3526 0.0252729
-3.17366 -55.3431 0.0434697
-2.17919 -55.3078 0.0359171
-1.20449 -55.3145 0.0250595
-0.210588 -55.261 0.0352451
0.760959 -55.1965 0.0344846
1.75931 -55.1811 0.0414114
2.7776 -55.156 0.0346213
3.75129 -55.1101 0.0266799
4.7914 -55.1143 0.0313921
5.8267 -55.0961 0.0175004
6.86021 -55.0422 0.00846501
7.81343 -55.0494 0.0229547
8.82921 -55.0328 0.0253361
9.85125 -55.0251 0.0150059
10.8576 -54.9801 0.0276995
11.8834 -54.9369 0.0124618
12.8821 -54.9353 0.0324312
13.8968 -54.9118 0.0238308
14.892 -54.8925 0.0243132
15.8814 -54.8846 0.0164734
16.9074 -54.8704 0.0174872
17.8936 -54.8251 0.0099352
18.8873 -54.817 0.00462776
19.883 -54.806 0.00780356
20.8619 -54.785 -0.00796493
21.849 -54.7746 -0.017209
22.8688 -54.7737 -0.0149385
23.877 -54.817 -0.0188597
24.8823 -54.8014 -0.0237806
25.8751 -54.8236 -0.0284497
26.8797 -54.8155 -0.0360976
27.8718 -54.8581 -0.0169473
28.8655 -54.911 -0.0265041
29.8778 -54.8975 -0.0372055
30.8309 -54.8976 -0.0397809
31.8254 -54.9446 -0.0509213
32.8421 -54.979 -0.0748859
33.8497 -55.0422 -0.0751339
34.9108 -55.0797 -0.0669854
35.9304 -55.1807 -0.0591398
36.9267 -55.2072 -0.0509262
37.9308 -55.253 -0.0477882
38.9072 -55.3052 -0.047077
39.8835 -55.3288 -0.0344095
40.8943 -55.3626 -0.0234098
41.877 -55.4053 -0.0223875
42.8651 -55.4639 -0.0283398
43.839 -55.512 -0.035006
44.8445 -55.5499 -0.0194525
45.8209 -55.5615 -0.0207496
46.813 -55.5472 -0.0130337
47.8211 -55.5279 -0.0228232
48.7943 -55.5148 -0.0111722
49.7804 -55.5256 -0.00525509
49.7755 -54.5252 1.57837
49.7587 -53.5062 1.57866
49.74 -52.4902 1.55593
49.767 -51.4575 1.55641
49.7909 -50.4336 1.55895
49.8249 -49.4474 1.56285
49.8398 -48.4354 1.56895
49.8828 -47.4159 1.57204
49.8912 -46.4232 1.58144
49.891 -45.4317 1.57974
49.8707 -44.4306 1.58768
49.8322 -43.4875 1.58128
49.831 -42.4817 1.58434
49.8359 -41.4978 1.57013
49.8478 -40.5046 1.55558
49.8792 -39.4832 1.5576
49.8756 -38.488 1.5426
49.9097 -37.4986 1.56815
49.9038 -36.5062 1.5651
49.8937 -35.5236 1.56598
49.8924 -34.481 1.56897
49.9266 -33.485 1.55866
49.9349 -32.5091 1.5656
49.9653 -31.5183 1.56664
49.971 -30.5174 1.56285
49.9939 -29.5241 1.5685
49.9742 -28.5333 1.5681
49.9724 -27.5522 1.57011
49.9538 -26.5406 1.56957
49.9252 -25.5436 1.57251
49.946 -24.5303 1.57404
49.9431 -23.532 1.57274
49.9335 -22.5389 1.57055
49.9421 -21.525 1.56617
49.95 -20.5378 1.56057
49.9611 -19.536 1.57197
49.9376 -18.5295 1.56785
49.9491 -17.5191 1.57986
49.917 -16.5324 1.56926
49.9194 -15.5227 1.5728
49.9635 -14.5425 1.5768
49.9586 -13.5215 1.57618
49.9568 -12.536 1.5805
49.9261 -11.4941 1.56736
49.9311 -10.5179 1.57077
49.938 -9.50664 1.56863
49.9342 -8.52691 1.5821
49.9463 -7.53365 1.57546
49.9521 -6.54615 1.57231
49.9238 -5.53193 1.56338
48.9287 -5.52449 3.14014
47.9385 -5.53944 -3.13977
46.9265 -5.536 3.12916
45.9195 -5.54777 -3.14129
44.9013 -5.53984 3.13548
44.9522 -4.54532 1.56889
44.9413 -3.54842 1.57973
44.9264 -2.53688 1.57482
44.9273 -1.55382 1.56416
44.9248 -0.557322 1.56926
44.9139 0.4335 1.57352
44.9311 1.41647 1.57165
44.9446 2.42396 1.5599
44.94 3.4083 1.56392
44.9707 4.41082 1.56138
44.9678 5.42786 1.56705
44.9802 6.42667 1.5649
44.9885 7.42066 1.56324
45.0109 8.41776 1.57129
44.9872 9.40406 1.56359
44.9819 10.3999 1.56034
44.9818 11.3872 1.55948
44.9693 12.3803 1.57462
45.0094 13.3401 1.57786
45.0403 14.3591 1.58161
45.0119 15.4063 1.58028
45.0006 16.4091 1.58285
45.0146 17.3691 1.58512
45.0226 18.3679 1.5847
45.0197 19.3673 1.58646
44.9858 20.3732 1.57868
44.9706 21.4049 1.56984
44.9722 22.4275 1.57098
44.9597 23.412 1.56402
44.9412 24.4357 1.57177
44.9461 25.4224 1.56852
44.975 26.446 1.56179
44.987 27.4358 1.55939
45.0031 28.426 1.56825
45.0107 29.4177 1.57143
45.003 30.4303 1.56575
45.0046 31.4156 1.56131
45.0091 32.4197 1.55927
45.0334 33.4034 1.54774
45.0212 34.4127 1.54708
45.0478 35.4293 1.54194
45.0814 36.4164 1.53851
45.0968 37.4105 1.54803
45.1166 38.4563 1.54995
45.1189 39.4341 1.56904
45.1248 40.4328 1.57445
45.0767 41.4635 1.55793
45.1047 42.4695 1.5514
45.1565 43.4641 1.5501
45.1944 44.4446 1.55232
45.2207 45.4462 1.57586
45.2396 46.4691 1.5625
45.2412 47.4637 1.55455
45.2673 48.4596 1.56758
45.3003 49.4482 1.55454
46.3074 49.4046 -0.00944274
47.285 49.4217 -0.00253959
48.2805 49.447 -0.0135328
49.2801 49.4161 -0.0135121
50.2881 49.4161 -0.0161009
50.2777 48.4005 -1.58497
50.2458 47.4139 -1.5889
50.2446 46.3994 -1.58031
50.2164 45.3979 -1.58203
50.1971 44.4123 -1.59554
49.2286 44.4202 3.12749
48.2108 44.4177 3.13037
47.2515 44.4296 -3.14013
46.2293 44.4362 3.12746
45.2146 44.4355 3.12614
45.184 43.4252 -1.58724
45.1686 42.4286 -1.59702
45.1495 41.4066 -1.59201
45.1472 40.4461 -1.58618
45.1542 39.4279 -1.595
45.1451 38.4205 -1.59078
45.0977 37.4343 -1.59136
45.0862 36.4337 -1.58277
45.0573 35.4133 -1.58798
45.0357 34.412 -1.58369
45.0483 33.3966 -1.57974
45.0326 32.4196 -1.58117
45.0279 31.4305 -1.58713
44.9999 30.417 -1.58905
44.9843 29.4078 -1.57567
43.9863 29.418 3.13416
43.0073 29.4417 3.13658
41.9886 29.4385 -3.13897
41.0193 29.4252 3.13039
40.0169 29.4451 3.13592
40.0092 28.4431 -1.58741
39.9881 27.428 -1.5851
39.9876 26.4543 -1.58437
40.0013 25.464 -1.58998
39.9849 24.4655 -1.57593
39.9664 23.4707 -1.57941
39.9751 22.4278 -1.59032
39.9392 21.4408 -1.58485
39.9582 20.4491 -1.58882
39.9394 19.4771 -1.57988
39.962 18.452 -1.5794
39.9663 17.4776 -1.5763
39.9469 16.4747 -1.57142
39.9532 15.4599 -1.58537
39.9189 14.4684 -1.58026
39.9305 13.4215 -1.56692
39.9203 12.4135 -1.56252
39.9169 11.4122 -1.56968
39.9469 10.4275 -1.55338
39.9523 9.43825 -1.56123
39.9357 8.4245 -1.57685
39.9443 7.42235 -1.57079
39.9562 6.41989 -1.56503
39.9601 5.40196 -1.56554
39.9616 4.39819 -1.57267
39.9731 3.39763 -1.57016
39.9702 2.42155 -1.57168
39.9514 1.432 -1.56235
39.9643 0.464843 -1.58111
39.9281 -0.526694 -1.57473
38.9339 -0.540242 3.12689
37.9499 -0.529118 3.12474
36.9624 -0.514492 3.12939
35.942 -0.521872 3.12273
34.9242 -0.516318 3.12949
34.9323 -1.5513 -1.5797
34.9367 -2.5439 -1.5684
34.9562 -3.50558 -1.56657
34.9559 -4.53208 -1.57907
34.9584 -5.51758 -1.58365
34.9714 -6.5171 -1.58299
34.9639 -7.54393 -1.57516
34.9442 -8.5157 -1.5731
34.928 -9.49581 -1.56993
34.9768 -10.4943 -1.57176
34.9848 -11.4972 -1.57761
35.0129 -12.468 -1.56273
35.0266 -13.4566 -1.55997
35.0241 -14.4464 -1.57163
35.0474 -15.4703 -1.6005
35.0184 -16.4417 -1.58218
35.0251 -17.4227 -1.58336
34.9924 -18.4079 -1.59602
34.9637 -19.4059 -1.60484
34.9445 -20.3791 -1.59565
34.937 -21.4028 -1.57355
34.9114 -22.4069 -1.57835
34.9241 -23.387 -1.56537
34.9429 -24.3923 -1.55744
34.9772 -25.37 -1.56517
35.0242 -26.3933 -1.57583
35.0339 -27.3751 -1.58437
35.0093 -28.3471 -1.56957
34.9757 -29.3555 -1.57776
34.9752 -30.3856 -1.57595
34.9359 -31.3826 -1.56285
34.9188 -32.3956 -1.56356
34.9555 -33.3851 -1.57488
34.9524 -34.3757 -1.58103
34.9217 -35.3763 -1.58986
34.8724 -36.3817 -1.59074
34.8306 -37.3661 -1.6041
34.8072 -38.3741 -1.59449
34.8065 -39.3965 -1.59577
34.7493 -40.3483 -1.58972
34.7321 -41.3462 -1.56749
34.7467 -42.334 -1.56236
34.7538 -43.3455 -1.56885
34.7876 -44.3698 -1.57424
34.7935 -45.3647 -1.56688
34.807 -46.3561 -1.57026
34.7937 -47.3469 -1.57272
34.804 -48.3517 -1.57097
34.8014 -49.3638 -1.55582
34.8239 -50.3414 -1.56292
33.8233 -50.3588 -3.13053
32.8269 -50.3644 -3.14018
31.7973 -50.3562 3.14066
30.7913 -50.3564 3.13372
29.7955 -50.3383 3.14024
28.8157 -50.3373 3.13454
27.8029 -50.3321 3.1329
26.7828 -50.3142 3.1368
25.7669 -50.3118 3.13673
24.7886 -50.3297 -3.13342
23.7683 -50.3323 -3.12758
22.7441 -50.3606 -3.13048
21.7488 -50.3319 3.14078
20.7166 -50.2871 -3.14135
19.7262 -50.2727 3.141
18.7137 -50.2655 3.13121
17.7304 -50.2306 3.13207
16.7315 -50.2589 3.12498
15.7345 -50.2298 3.12739
14.7411 -50.2028 3.13674
13.7313 -50.1806 -3.13865
12.7413 -50.1899 -3.14135
11.7471 -50.1977 3.13579
10.7606 -50.1679 -3.13058
9.76067 -50.1795 -3.13451
9.75088 -49.2009 1.57688
9.76117 -48.2092 1.58385
9.73636 -47.196 1.57128
9.7595 -46.1904 1.56775
9.76482 -45.1898 1.57427
9.76911 -44.2006 1.57813
9.77808 -43.1936 1.55899
9.79196 -42.169 1.56611
9.80895 -41.1768 1.56387
9.81785 -40.1738 1.56505
9.83732 -39.1458 1.56924
9.85739 -38.1398 1.5854
9.85168 -37.1176 1.59568
9.77569 -36.0978 1.58415
9.77194 -35.1071 1.57745
9.75061 -34.1323 1.56559
9.73633 -33.1689 1.57538
9.76288 -32.1745 1.58643
9.76004 -31.1395 1.56683
9.76356 -30.1409 1.53802
9.79084 -29.1591 1.54503
9.81015 -28.1646 1.5598
9.82831 -27.1636 1.56485
9.83511 -26.1284 1.55538
9.86042 -25.128 1.55716
9.8707 -24.0917 1.54061
9.90653 -23.0892 1.54668
9.91509 -22.0871 1.54352
9.92561 -21.1144 1.54407
9.97549 -20.1323 1.55137
10.0123 -19.1123 1.54881
9.9983 -18.1113 1.56337
9.97237 -17.1287 1.56912
9.98668 -16.1134 1.56284
9.94972 -15.1035 1.55635
9.98922 -14.0903 1.54973
9.97743 -13.1147 1.56407
10.0016 -12.1076 1.57342
10.0081 -11.1262 1.5779
10.0155 -10.145 1.57408
9.9635 -9.14854 1.58613
9.93843 -8.13785 1.56802
9.94958 -7.16674 1.55639
9.92553 -6.14169 1.54831
9.95623 -5.11538 1.55832
9.9629 -4.1591 1.57438
9.93538 -3.14939 1.57924
9.92955 -2.16662 1.55691
9.95423 -1.17428 1.55287
9.96141 -0.187861 1.56165
9.98352 0.800925 1.56127
9.97957 1.81276 1.55764
9.97325 2.78832 1.56623
9.93991 3.78511 1.56681
9.92953 4.79749 1.5596
8.9241 4.80364 3.13267
7.91448 4.81909 -3.13993
6.9295 4.84201 -3.13951
5.93272 4.83616 -3.1318
4.90997 4.83262 -3.13527
4.9084 5.80978 1.57775
4.90122 6.84372 1.57324
4.90641 7.84445 1.57115
4.91626 8.84318 1.57451
4.91293 9.84225 1.57172
4.89579 10.8342 1.56698
4.9225 11.8288 1.56313
4.92677 12.8274 1.5677
4.90869 13.8214 1.57019
4.93751 14.7978 1.56565
4.94289 15.8174 1.56932
4.9218 16.8111 1.57049
4.93518 17.8273 1.56838
4.93782 18.8297 1.56333
4.94321 19.7933 1.55039
4.94364 20.7966 1.5493
4.98497 21.7757 1.55927
4.98515 22.7789 1.54842
4.99922 23.7749 1.54942
5.03333 24.7624 1.54526
5.05427 25.7334 1.55062
5.05861 26.7348 1.55764
5.07807 27.7453 1.55046
5.11166 28.7465 1.55322
5.12474 29.7712 1.55159
6.13073 29.7379 -0.0145318
7.11675 29.7196 -0.00724528
8.13393 29.6904 -0.0120493
9.14935 29.6483 -0.0132525
10.1907 29.6337 -0.0171167
11.2012 29.6539 -0.0262891
12.173 29.6305 -0.0117445
13.1623 29.6275 -0.00619277
14.1103 29.6413 -0.00378675
15.0803 29.6548 0.00331502
16.1115 29.6342 0.0121163
17.1029 29.6464 0.0111805
18.1043 29.6504 0.01176
19.0928 29.6286 0.00414546
20.0778 29.6352 0.00689618
21.0855 29.649 0.00891771
22.1104 29.6754 0.0107183
23.1285 29.7038 0.00757325
24.1288 29.6962 -0.0158169
25.138 29.6837 -0.0147474
26.154 29.6398 -0.0193931
27.1502 29.6116 -0.0195018
28.1366 29.5919 -0.0030822
29.1256 29.6071 -0.0298129
30.1316 29.5901 -0.0128975
31.1719 29.5834 -0.0188227
32.1815 29.5933 -0.019548
33.1792 29.5667 -0.0165661
34.1707 29.5225 -0.0184658
35.1657 29.5606 -0.0323902
35.2053 30.5909 1.54581
35.2376 31.5999 1.56014
35.273 32.5932 1.56043
35.2717 33.6022 1.55999
35.2645 34.6039 1.56874
35.2693 35.6 1.57972
35.2484 36.5825 1.56397
35.2851 37.587 1.56695
35.2796 38.5689 1.55951
35.2766 39.5499 1.56302
35.3249 40.568 1.56842
35.3181 41.5752 1.57414
35.3109 42.5814 1.56245
35.3138 43.5724 1.56578
35.2872 44.5652 1.56655
35.2761 45.5359 1.55854
35.2972 46.5231 1.56644
35.2933 47.5277 1.57391
35.3124 48.5074 1.58108
35.2733 49.5158 1.57729
36.2925 49.5062 0.0164717
37.2852 49.5021 0.00411438
38.2734 49.544 -0.00812548
39.2795 49.5506 -0.00787481
40.2695 49.5325 0.00859479
41.2758 49.5162 -0.00883136
42.2915 49.4738 -0.0104416
43.2793 49.4493 -0.0246467
44.2745 49.4423 -0.0163291
45.2773 49.421 -0.00939654
46.273 49.4365 -0.0107529
47.2647 49.4256 -0.0113409
48.2747 49.42 0.00234871
49.2784 49.4458 -0.00711002
50.2758 49.4336 -0.00884361
50.2475 48.4215 -1.58287
50.2365 47.4083 -1.57761
50.2303 46.4078 -1.58228
50.2287 45.4172 -1.57312
50.2158 44.4 -1.58127
51.2054 44.3613 -0.0165178
52.2177 44.3426 -0.0293209
53.219 44.3029 -0.0203873
54.2391 44.2888 -0.0146088
55.2512 44.2721 -0.00296503
55.2832 45.2614 1.56998
55.2439 46.2335 1.56321
55.2712 47.2259 1.5441
55.2926 48.2711 1.5373
55.3312 49.3055 1.56732
54.3126 49.365 3.1357
53.2878 49.4122 3.1298
52.2856 49.3871 3.10765
51.2796 49.4308 3.1348
50.2863 49.4307 3.13079
49.2765 49.4756 3.13711
48.3173 49.4865 3.12507
47.3292 49.46 3.13294
46.3122 49.4596 3.14063
45.2765 49.4586 3.13776
44.2784 49.4347 3.1348
43.2683 49.4595 3.13256
42.2734 49.4772 3.12803
41.2671 49.5079 3.13113
40.2757 49.5268 3.12214
39.2582 49.5414 3.13769
38.2807 49.5595 3.14042
37.2922 49.5686 3.1404
36.2922 49.537 -3.13899
35.299 49.5117 -3.13714
34.3117 49.4909 -3.13817
33.2977 49.5127 3.12395
32.3095 49.5118 3.12918
31.3353 49.5711 3.13099
30.3366 49.5598 3.1266
29.3163 49.5561 3.13305
28.3084 49.5451 3.13695
27.3005 49.5739 -3.13854
26.2937 49.579 -3.12266
25.2939 49.5609 -3.13447
24.3141 49.5701 -3.13844
23.3021 49.5627 3.1309
22.2906 49.5924 3.12786
21.3057 49.5663 3.12695
20.2995 49.5884 3.12845
19.2805 49.5933 3.12996
18.2902 49.6109 -3.1389
17.2768 49.6298 3.13631
16.2698 49.6666 3.13576
15.2739 49.6517 -3.13751
14.2754 49.644 3.13675
13.2859 49.6542 3.13897
12.2741 49.6537 3.13294
11.2981 49.6741 3.13896
10.2737 49.6886 3.1393
9.29658 49.6941 -3.13828
8.31326 49.6821 3.13084
7.31525 49.6959 -3.14091
6.30135 49.686 3.13924
5.29129 49.6865 3.13005
4.29159 49.694 3.13558
3.29837 49.6985 3.13439
2.29094 49.7055 3.13646
1.26317 49.6993 3.13392
0.284052 49.7201 3.11428
-0.720191 49.755 3.13324
-1.74069 49.7907 -3.13766
-2.73715 49.7716 -3.13192
-3.74549 49.7525 3.13723
-4.73247 49.7531 3.12786
-5.7639 49.7788 3.11802
-6.73604 49.795 3.12459
-7.73715 49.8113 3.132
-8.72453 49.82 3.12605
-9.74015 49.8305 3.13284
-9.74378 48.8205 -1.57195
-9.75836 47.8062 -1.58344
-9.76238 46.8218 -1.57191
-9.79257 45.8241 -1.56688
-9.81249 44.7888 -1.56522
-9.80642 43.7815 -1.56111
-9.81591 42.7723 -1.57101
-9.81392 41.7499 -1.575
-9.81914 40.7441 -1.57486
-9.81946 39.7754 -1.56568
-9.83412 38.7901 -1.54917
-9.8177 37.7816 -1.5546
-9.78967 36.7892 -1.55864
-9.79963 35.792 -1.57403
-9.81897 34.7823 -1.56597
-9.78396 33.778 -1.55818
-9.75184 32.7599 -1.5608
-9.73352 31.7618 -1.5658
-9.75111 30.7999 -1.56433
-9.7706 29.8374 -1.58569
-9.80536 28.8425 -1.59148
-9.88253 27.8813 -1.59728
-9.92386 26.8941 -1.59533
-9.93312 25.8996 -1.59186
-9.96001 24.8517 -1.59269
-9.98478 23.8219 -1.59279
-10.0172 22.8224 -1.57213
-10.0477 21.8662 -1.58056
-10.0543 20.8543 -1.58008
-10.0839 19.8963 -1.56468
-10.0635 18.9176 -1.56601
-10.0147 17.9172 -1.56798
-10.0333 16.9058 -1.56678
-10.0442 15.9287 -1.55359
-10.0357 14.9266 -1.55215
-10.016 13.9245 -1.56718
-10.0119 12.937 -1.56509
-10.0027 11.9639 -1.5707
-10.0132 10.9944 -1.55942
-10.0436 10.0129 -1.55783
-10.042 9.01124 -1.5575
-10.0385 7.96984 -1.57721
-10.0635 6.98546 -1.56407
-10.0491 5.98901 -1.57316
-10.0683 4.99828 -1.57553
-9.09205 5.01039 -0.00307199
-8.07354 4.99738 -0.00305676
-7.08531 4.97555 0.00267789
-6.04741 4.97815 0.0213381
-5.01395 5.01635 0.0220393
-5.03458 5.98551 1.58224
-5.07489 6.9747 1.57281
-5.08173 7.94533 1.57257
-5.0794 8.94778 1.57601
-5.07243 9.9412 1.55372
-5.05811 10.9568 1.56361
-5.07085 11.9408 1.56416
-5.06106 12.948 1.56404
-5.04366 13.9347 1.55035
-5.02809 14.9254 1.56189
-5.01521 15.9334 1.55036
-4.98324 16.903 1.5715
-4.98885 17.9321 1.56236
-4.97838 18.9271 1.57454
-4.97238 19.9174 1.57048
-4.99294 20.9189 1.56603
-4.99322 21.9228 1.56824
-4.99344 22.9273 1.56127
-4.97144 23.9125 1.54221
-4.98094 24.8959 1.56095
-3.96036 24.8809 -0.011082
-2.95536 24.8431 -0.0306755
-1.9499 24.8358 -0.0271951
-0.944727 24.8202 -0.0153827
0.055119 24.8184 -0.0216607
1.06313 24.8274 -0.0210427
2.05578 24.8062 -0.0106949
3.03078 24.8146 -0.018626
4.02734 24.7823 -0.0282539
5.01892 24.7796 -0.0345481
6.03236 24.7416 -0.028123
7.0666 24.7379 -0.0293129
8.0649 24.7027 -0.0299646
9.05962 24.6988 -0.0198237
10.0511 24.6704 -0.0193569
11.0668 24.6276 -0.0167142
12.0779 24.6554 -0.014353
13.1284 24.6207 -0.0141609
14.1427 24.5882 -0.0125698
15.1228 24.5824 0.0123671
16.1135 24.5674 0.00161604
17.1327 24.5878 -0.0020804
18.156 24.6118 0.0109817
19.1395 24.6586 0.00716594
20.1127 24.6587 0.0181673
21.1324 24.674 0.0229112
22.0787 24.6756 0.0224439
23.0701 24.6532 0.00611111
24.045 24.6314 -0.0187972
25.0405 24.6287 -0.0162685
26.0229 24.6324 -0.0236352
27.0098 24.6343 -0.0276184
28.0246 24.618 -0.0223159
29.0644 24.5872 -0.0404854
30.0685 24.5379 -0.0357181
31.0508 24.5003 -0.0353533
32.038 24.4811 -0.0284289
33.0306 24.4807 -0.0232847
34.036 24.4604 -0.0170331
35.0003 24.4956 -0.0174112
35.9753 24.4888 -0.0257962
36.9677 24.4575 -0.00296677
37.9791 24.4941 -0.00716841
38.9833 24.4817 -0.00938387
39.9774 24.4465 -0.0109602
40.9691 24.4306 -0.014583
41.9614 24.4292 -0.00490191
42.9619 24.4182 -0.00615973
43.9587 24.4236 -0.0141311
44.9863 24.3982 -0.00970328
45.965 24.3675 -0.00802815
46.9594 24.3709 0.000650734
47.935 24.3767 0.0181077
48.959 24.4232 0.0133858
49.9427 24.413 0.0225268
49.9699 25.4063 1.58775
49.975 26.4103 1.57881
49.9732 27.4106 1.5709
49.9817 28.4175 1.56864
50.01 29.3826 1.56437
50.0038 30.387 1.55739
50.0185 31.3589 1.55094
50.0241 32.364 1.55698
50.0514 33.3652 1.56392
50.0662 34.3962 1.57541
50.0783 35.4033 1.58014
50.0774 36.3975 1.56098
50.0902 37.3681 1.56758
50.0946 38.4045 1.53989
50.117 39.4241 1.54023
50.1019 40.4179 1.54942
50.1315 41.4016 1.54438
50.1728 42.3792 1.54078
50.195 43.3956 1.55609
50.2134 44.3996 1.5529
50.2175 45.3785 1.55223
50.2514 46.3784 1.5548
50.2694 47.3561 1.57114
50.2593 48.3485 1.58188
50.2455 49.3795 1.56381
49.2445 49.3694 3.13637
48.2471 49.3921 3.13836
47.2526 49.4062 3.13908
46.2626 49.4372 3.14094
45.2802 49.4573 3.12619
44.2804 49.4648 3.12434
43.2983 49.4961 3.12595
42.303 49.4836 3.13508
41.3028 49.4725 3.1375
40.2763 49.4976 3.13727
40.2572 48.5224 -1.57753
40.2551 47.5118 -1.58339
40.2331 46.4945 -1.58219
40.2299 45.4806 -1.59181
40.2058 44.5097 -1.5906
40.1866 43.4983 -1.58409
40.1785 42.4865 -1.56373
40.158 41.4917 -1.57489
40.1578 40.4923 -1.58252
40.1428 39.5141 -1.58486
40.1305 38.4947 -1.58869
40.1239 37.4942 -1.58786
40.1249 36.5099 -1.58742
40.1275 35.5193 -1.58186
40.1094 34.4642 -1.58173
40.1249 33.4555 -1.58077
40.114 32.4281 -1.58705
40.093 31.4472 -1.60411
40.0586 30.4516 -1.603
40.0257 29.4434 -1.58866
40.0012 28.445 -1.59003
39.9813 27.4567 -1.5924
39.9821 26.4713 -1.57287
39.9834 25.4738 -1.57774
39.9748 24.4674 -1.57704
39.9756 23.4554 -1.57075
39.9531 22.4816 -1.57645
39.9591 21.4689 -1.57349
39.9391 20.4746 -1.57609
39.9096 19.4725 -1.5798
39.9054 18.4621 -1.57704
39.878 17.4673 -1.56515
39.9096 16.4179 -1.5576
39.8973 15.4197 -1.55484
39.8918 14.4184 -1.55671
39.9043 13.4211 -1.55605
39.9199 12.4209 -1.56309
39.9302 11.4106 -1.5688
39.9469 10.4148 -1.56533
39.9514 9.44712 -1.56113
39.9608 8.42196 -1.55792
39.9676 7.41582 -1.56355
39.9918 6.42188 -1.57495
39.9788 5.40716 -1.57283
39.9484 4.40388 -1.5779
39.961 3.41183 -1.56723
39.9614 2.41753 -1.57627
39.9576 1.41579 -1.58307
39.9844 0.399444 -1.57138
39.9845 -0.569241 -1.56204
39.9671 -1.58071 -1.57967
39.951 -2.55689 -1.58221
39.9611 -3.5176 -1.57823
39.9418 -4.51709 -1.58599
39.9445 -5.5342 -1.57073
38.984 -5.51904 3.13675
37.969 -5.46348 3.13426
36.9574 -5.49815 3.13357
35.9629 -5.5011 3.14011
34.9569 -5.4925 -3.13985
33.958 -5.51285 3.13023
32.9467 -5.4982 3.12878
31.9599 -5.46941 3.12983
30.9371 -5.44533 3.12965
29.9149 -5.46104 -3.14039
28.8936 -5.46568 3.1394
27.8469 -5.44981 3.13184
26.8591 -5.46852 3.12915
25.8743 -5.46718 3.12199
24.8955 -5.41553 3.11916
23.9047 -5.38134 3.12215
22.8964 -5.33224 3.12511
21.9005 -5.3042 3.13324
20.8931 -5.27381 3.12589
19.9069 -5.2431 3.12398
18.8969 -5.22301 3.12476
17.9253 -5.19579 3.12686
16.9452 -5.19367 3.13415
15.9302 -5.18056 -3.13922
14.913 -5.16841 3.14093
13.9174 -5.20602 3.13563
12.9442 -5.18239 3.12358
11.9601 -5.2014 3.13302
10.9587 -5.17807 3.12634
9.94318 -5.13344 3.12907
8.92155 -5.09934 3.12685
7.93456 -5.07972 3.12892
6.91971 -5.05677 -3.13771
5.91003 -5.08166 -3.14151
4.90487 -5.07753 3.12832
3.92292 -5.06665 3.13073
2.96164 -5.04831 3.14151
1.99299 -5.05587 -3.14088
0.974851 -5.05385 3.13989
-0.0286092 -5.05263 3.13345
-1.04331 -5.03288 -3.12951
-2.0503 -5.05438 -3.13226
-3.04983 -5.0636 -3.13058
-4.05821 -5.07392 -3.14066
-5.06947 -5.08949 3.13138
-6.08066 -5.06352 3.13142
-7.08914 -5.05635 3.1359
-8.09014 -5.03215 3.12812
-9.07075 -5.03127 3.12167
-10.0456 -4.99883 3.13945
-11.0301 -4.99185 -3.14025
-12.0055 -4.97973 -3.13382
-13.0205 -4.97388 -3.13864
-14.0355 -4.97968 -3.13786
-15.0421 -4.95835 -3.13497
-16.0464 -4.98197 -3.13557
-17.0644 -5.00769 -3.13783
-18.0544 -4.99408 3.12809
-19.0631 -4.9813 -3.13356
-20.0677 -4.98155 -3.13071
-21.0792 -5.002 -3.1255
-22.0473 -4.99218 -3.13044
-23.026 -5.02203 -3.12693
-24.0166 -5.05794 3.13865
-25.0036 -5.04192 3.13425
-26.0266 -5.02107 3.14006
-27.0355 -5.03286 -3.13962
-28.0142 -5.0134 -3.12893
-29.0041 -5.01231 -3.12935
-30.0086 -5.03398 -3.13419
-30.9982 -5.02412 -3.13959
-32.0218 -5.05297 -3.1314
-33.0359 -5.05169 3.14019
-34.0336 -5.05018 3.14021
-35.0399 -5.04605 3.13732
-36.0631 -5.06704 3.13862
-37.0584 -5.05621 3.12936
-38.0758 -5.03643 3.13529
-39.0571 -5.02824 3.13483
-40.0899 -5.03482 -3.13885
-41.0853 -5.03578 3.13532
-42.0988 -5.05374 3.14054
-43.1156 -5.05916 3.12319
-44.0881 -5.03303 3.12423
-45.0842 -5.05334 3.13063
-45.0813 -6.03718 -1.5744
-45.0905 -7.04754 -1.57401
-45.0687 -8.04837 -1.57214
-45.0781 -9.03584 -1.58686
-45.0701 -10.043 -1.5758
-45.0993 -11.0495 -1.57606
-45.1383 -12.0834 -1.57286
-45.1492 -13.0504 -1.57435
-45.1532 -14.0635 -1.56866
-45.1563 -15.0601 -1.57116
-45.1684 -16.055 -1.5758
-45.1752 -17.0383 -1.57106
-45.1964 -18.0377 -1.55868
-45.1779 -19.0361 -1.57329
-45.1781 -20.0295 -1.56977
-46.1707 -20.0397 3.13882
-47.1579 -20.0583 3.13637
-48.165 -20.0649 3.13071
-49.1545 -20.0635 3.13443
-50.1537 -20.0357 3.13221
-50.1581 -19.0524 1.57269
-50.1299 -18.0222 1.58232
-50.1194 -17.0272 1.58224
-50.124 -16.0183 1.57393
-50.1546 -15.0103 1.57325
-50.1551 -14.0056 1.55778
-50.1427 -13.0024 1.56132
-50.1246 -12.0011 1.56245
-50.1203 -11.0284 1.55762
-50.1053 -9.99741 1.55895
-50.1031 -8.99517 1.5576
-50.0605 -7.9919 1.56611
-50.0759 -7.00863 1.55591
-50.0723 -5.99628 1.57331
-50.0687 -4.99147 1.56808
-49.0652 -4.99561 -0.0101348
-48.0524 -5.01641 -0.0098538
-47.0753 -5.02046 0.00035561
-46.0746 -4.98441 -0.00304829
-45.0906 -5.02299 -0.0166149
-45.0738 -6.04036 -1.5817
-45.0724 -7.00489 -1.57167
-45.0818 -8.01625 -1.57113
-45.0688 -9.03992 -1.5792
-45.0794 -10.0422 -1.5834
-45.1027 -11.0466 -1.58856
-45.1353 -12.0486 -1.57937
-45.1488 -13.0563 -1.56792
-45.1532 -14.0429 -1.57422
-45.1771 -15.0534 -1.57735
-45.135 -16.0424 -1.56354
-45.1591 -17.029 -1.56589
-45.1497 -18.0192 -1.57019
-45.1472 -19.0296 -1.57512
-45.1679 -20.0165 -1.57114
-45.1734 -21.0098 -1.57034
-45.1734 -22.0171 -1.56481
-45.1781 -23.0329 -1.55368
-45.2094 -23.9955 -1.55412
-45.17 -24.9905 -1.556
-45.1615 -25.9573 -1.54668
-45.187 -26.9409 -1.55814
-45.2096 -27.9533 -1.55594
-45.1829 -28.924 -1.5525
-45.14 -29.9184 -1.55005
-45.1306 -30.9221 -1.54904
-45.1138 -31.901 -1.56129
-45.1239 -32.9102 -1.57205
-45.147 -33.9084 -1.57414
-45.1479 -34.9208 -1.57392
-45.1401 -35.9328 -1.57789
-45.1785 -36.9147 -1.57861
-45.1682 -37.9182 -1.5761
-45.1639 -38.9105 -1.58407
-45.2015 -39.9051 -1.58867
-44.2273 -39.9202 -0.00799401
-43.2279 -39.9432 -0.00212353
-42.2221 -39.9314 -0.015666
-41.1975 -39.9813 -0.020316
-40.1985 -39.979 -0.0320676
-39.189 -40.0211 -0.0273211
-38.2183 -40.0704 -0.0152335
-37.2176 -40.0581 -0.00958037
-36.2214 -40.0686 0.00297376
-35.2146 -40.0721 0.0131219
-34.2156 -40.0652 0.0153176
-33.2378 -40.0662 0.00541734
-32.2365 -40.0531 0.00185346
-31.2222 -40.0559 -0.0155181
-30.2456 -40.0751 -0.0246544
-29.2145 -40.1207 -0.0314572
-28.2084 -40.1422 -0.0204362
-27.2057 -40.1273 -0.0255899
-26.2168 -40.1475 -0.0214402
-25.1947 -40.1439 -0.0264686
-24.232 -40.183 -0.0379199
-23.236 -40.1872 -0.0421007
-22.2493 -40.2421 -0.0343306
-21.2742 -40.2605 -0.0234309
-20.2789 -40.2702 -0.023516
-20.2171 -39.2755 1.55711
-20.2026 -38.3139 1.56217
-20.1782 -37.3323 1.56857
-20.1803 -36.3242 1.57744
-20.1665 -35.3344 1.56965
-20.1505 -34.3559 1.56055
-20.1148 -33.3447 1.56282
-20.0783 -32.3603 1.56315
-20.1063 -31.3958 1.55945
-20.0788 -30.3779 1.56194
-20.0738 -29.4054 1.56009
-20.0673 -28.4245 1.57445
-20.0883 -27.4213 1.58143
-20.1166 -26.4242 1.59992
-20.1256 -25.4229 1.60169
-20.1608 -24.4019 1.59029
-20.1683 -23.3952 1.58852
-20.189 -22.3685 1.58449
-20.2114 -21.3569 1.57412
-20.2292 -20.3221 1.54689
-21.2356 -20.2965 3.11388
-22.2406 -20.2856 3.12172
-23.2265 -20.2394 3.11937
-24.2376 -20.225 3.11269
-25.2377 -20.2325 3.12752
-26.2579 -20.2232 3.12452
-27.2626 -20.1912 3.1227
-28.2631 -20.2165 3.12717
-29.2512 -20.204 3.13023
-30.2455 -20.2208 3.13563
-31.2018 -20.2007 3.13038
-32.2175 -20.1917 3.12453
-33.2301 -20.1361 3.1241
-34.2214 -20.148 3.13119
-35.2249 -20.101 3.13212
-35.2109 -21.1159 -1.58465
-35.235 -22.0932 -1.5858
-35.2714 -23.1114 -1.56572
-35.2556 -24.1008 -1.57589
-35.2361 -25.074 -1.57415
-35.2485 -26.0645 -1.57454
-35.2596 -27.0498 -1.58692
-35.2521 -28.0523 -1.57698
-35.256 -29.0483 -1.56935
-35.265 -30.0468 -1.56047
-35.2689 -31.0169 -1.57744
-35.2701 -32.0519 -1.56803
-35.2432 -33.0659 -1.56647
-35.2349 -34.0794 -1.55905
-35.2248 -35.0786 -1.56464
-35.2289 -36.0645 -1.56779
-35.2273 -37.0608 -1.56939
-35.2401 -38.0494 -1.57777
-35.2342 -39.0291 -1.57022
-35.2197 -40.0505 -1.5614
-35.2083 -41.04 -1.5692
-35.2065 -42.0345 -1.57467
-35.1983 -43.0367 -1.57328
-35.1837 -44.0439 -1.57464
-35.2083 -45.0343 -1.56815
-35.1949 -46.0342 -1.57237
-35.2077 -47.0477 -1.56876
-35.2192 -48.0569 -1.57136
-35.2234 -49.0627 -1.56621
-35.2014 -50.0537 -1.57854
-36.2248 -50.0494 3.13279
-37.2332 -50.0267 -3.13594
-38.2402 -50.0079 3.14019
-39.2268 -50.022 3.13701
-40.2193 -49.9914 3.13594
-40.2322 -49.0097 1.57702
-40.2356 -48.0256 1.55651
-40.2236 -47.0331 1.55763
-40.1869 -46.0031 1.5657
-40.1929 -45.016 1.57494
-39.1914 -45.0282 -0.000960173
-38.2206 -45.0458 0.00087006
-37.2049 -45.0447 -0.000855625
-36.2135 -45.0301 0.00677055
-35.2146 -45.0334 -0.00397909
-34.2255 -45.0277 -0.0049866
-33.2366 -45.0376 -0.00762799
-32.2352 -45.0484 -0.0193811
-31.2287 -45.0891 -0.0136516
-30.2278 -45.131 -0.00919395
-29.2438 -45.1098 -0.0154234
-28.2751 -45.1113 -0.00696837
-27.2937 -45.1372 0.0078984
-26.2981 -45.1188 -0.0102457
-25.3069 -45.1286 -0.0209891
-24.3242 -45.1384 -0.0200563
-23.3197 -45.1672 -0.00699265
-22.2912 -45.1782 -0.0101223
-21.3032 -45.1744 -0.00242379
-20.3192 -45.1402 -0.00121335
-19.3056 -45.1316 -0.00753198
-18.308 -45.1163 -0.00529221
-17.3076 -45.1388 0.00193644
-16.3105 -45.1411 0.000631132
-15.3113 -45.1319 0.00516992
-14.3012 -45.1205 0.00816528
-13.2935 -45.0955 0.00927337
-12.3091 -45.098 0.012463
-11.2922 -45.0657 0.00379086
-10.2955 -45.0581 -4.02469e-05
-10.3166 -44.0736 1.57577
-10.3303 -43.0806 1.57727
-10.3114 -42.0896 1.56291
-10.3207 -41.0736 1.56991
-10.3173 -40.0896 1.59613
-10.3131 -39.0906 1.6011
-10.3559 -38.1097 1.59238
-10.3982 -37.1019 1.59263
-10.4162 -36.1063 1.59083
-10.4263 -35.1136 1.58482
-10.4333 -34.1399 1.56856
-10.4328 -33.1645 1.57681
-10.4451 -32.1497 1.58237
-10.4454 -31.1223 1.56341
-10.4524 -30.1174 1.57485
-10.4579 -29.1069 1.57572
-10.4804 -28.0909 1.58151
-10.4628 -27.0738 1.56545
-10.4266 -26.0859 1.57136
-10.4115 -25.0447 1.55756
-10.4177 -24.0609 1.58097
-10.4338 -23.078 1.57449
-10.3976 -22.0601 1.56847
-10.4368 -21.0344 1.56518
-10.4156 -20.0478 1.56304
-10.3906 -19.0346 1.56384
-10.3782 -17.9991 1.54743
-10.3538 -16.9796 1.53799
-10.3076 -15.9491 1.54494
-10.2733 -14.9411 1.55464
-10.2712 -13.9489 1.55612
-10.2404 -12.9252 1.52894
-10.1969 -11.9203 1.52313
-10.1453 -10.8942 1.51651
-10.0717 -9.8884 1.52692
-10.0481 -8.921 1.52325
-10.0275 -7.93988 1.53923
-10.0291 -6.96422 1.55169
-10.047 -5.99715 1.55811
-10.0669 -4.98491 1.56373
-10.0564 -3.9788 1.55355
-10.039 -2.97146 1.56691
-10.0306 -1.98611 1.57044
-10.0154 -1.00014 1.57537
-9.98805 0.0071259 1.57233
-10.01 1.00088 1.57749
-10.0087 1.9865 1.57989
-10.0284 2.98241 1.5729
-10.048 4.01372 1.5498
-10.0352 5.02207 1.56039
-10.0274 6.00309 1.55236
-10.0094 6.98245 1.56301
-10.0245 7.96837 1.57666
-10.0229 8.98296 1.5842
-10.0618 9.98732 1.59171
-10.1124 10.982 1.57528
-10.0954 11.9609 1.57812
-10.1014 12.9839 1.56819
-10.1161 14.0097 1.56079
-10.0383 15.021 1.55278
-10.05 16.0326 1.55996
-10.0558 17.0152 1.54084
-10.0024 17.9797 1.5398
-9.95679 18.9432 1.5521
-9.92847 19.9624 1.55016
-8.92869 19.9456 -0.0163033
-7.91736 19.8871 -0.0094255
-6.95809 19.8729 -0.00169417
-5.9641 19.8548 0.0126839
-4.96009 19.8821 0.0103292
-3.97995 19.9233 -0.00570426
-2.99194 19.9062 0.00320616
-2.03299 19.9108 0.00224323
-1.06462 19.9239 0.00125234
-0.0419537 19.9179 0.00765968
0.953709 19.9259 -0.000456167
1.91726 19.8961 -0.0168071
2.93547 19.8556 -0.0134967
3.9487 19.8368 -0.0209608
4.94919 19.8203 -0.0164879
4.93197 18.8088 -1.5737
4.92897 17.8303 -1.5811
4.91132 16.8264 -1.58201
4.92442 15.8305 -1.57295
4.91123 14.8358 -1.57513
4.89888 13.8421 -1.56745
4.89218 12.8349 -1.57295
4.89588 11.8469 -1.57003
4.91478 10.8355 -1.57893
4.90019 9.84561 -1.58336
3.90516 9.84807 3.13883
2.89832 9.83575 3.14105
1.89083 9.83454 -3.12702
0.905131 9.83706 3.13796
-0.0455454 9.82453 3.12902
-1.06582 9.83559 3.12721
-2.08024 9.85782 3.13368
-3.08651 9.87763 3.1148
-4.07497 9.92156 3.13755
-5.07701 9.93784 -3.14091
-6.06922 9.93993 3.1402
-7.07338 9.93441 3.14072
-8.08266 9.92149 3.13638
-9.08382 9.96339 -3.14019
-10.0404 9.96731 -3.12556
-11.0322 9.98423 -3.13829
-12.0133 9.94143 -3.13026
-13.0218 9.92252 3.13583
-14.0148 9.93007 -3.13772
-15.0376 9.92912 -3.12627
-16.0181 9.90274 -3.13728
-17.0169 9.89557 -3.12501
-18.0138 9.84078 -3.13394
-19.03 9.85275 3.12981
-20.0416 9.84148 3.13598
-21.0058 9.88571 3.14103
-22.0176 9.88806 3.12535
-23.0335 9.90753 3.12827
-24.049 9.89374 -3.13813
-25.0533 9.90324 3.12849
-26.0495 9.92876 3.13636
-27.0488 9.94765 3.13144
-28.0253 9.92741 -3.13635
-29.0476 9.92222 -3.1082
-30.0803 9.90101 -3.11083
-31.0581 9.83448 -3.10763
-32.0572 9.82474 -3.13834
-33.0511 9.85935 3.13684
-34.0438 9.85353 3.13384
-35.0291 9.85434 3.13015
-35.0315 10.8349 1.56151
-35.0212 11.848 1.5678
-35.0541 12.8941 1.56172
-35.048 13.8855 1.56016
-35.0308 14.8637 1.5689
-35.0293 15.8714 1.56032
-35.0302 16.8633 1.56234
-34.9992 17.8512 1.57414
-35.0155 18.8388 1.59313
-35.0307 19.8502 1.5825
-35.0454 20.8635 1.57785
-35.0705 21.8635 1.57714
-35.0558 22.861 1.575
-35.0544 23.9094 1.56563
-35.0635 24.8999 1.55029
-35.0484 25.8661 1.55314
-35.0463 26.8979 1.5507
-35.0235 27.8918 1.54474
-34.9854 28.9184 1.56203
-34.9639 29.9197 1.56254
-34.9778 30.9212 1.55752
-34.9848 31.93 1.56908
-34.9978 32.9404 1.57546
-35.0161 33.9259 1.5693
-35.0032 34.9235 1.57941
-35.0022 35.939 1.58879
-34.9889 36.8895 1.57863
-35.0225 37.8754 1.55943
-35.0095 38.8845 1.55538
-35.019 39.8969 1.54301
-34.9988 40.9121 1.54025
-34.9565 41.9296 1.54087
-34.8783 42.9143 1.5347
-34.8278 43.929 1.55943
-34.7806 44.94 1.56264
-35.7959 44.936 3.13048
-36.7988 44.9379 -3.13294
-37.8202 44.9479 -3.12543
-38.8026 44.9333 -3.13168
-39.8244 44.9134 3.14067
-40.8123 44.8908 3.12836
-41.7951 44.9132 3.1285
-42.8064 44.9391 3.12206
-43.8043 44.9529 3.13724
-44.8047 44.9589 -3.14097
-45.7876 44.9622 3.13386
-46.8012 44.963 3.12713
-47.7687 44.9815 3.12257
-48.7568 44.9875 3.119
-49.7673 45.0268 3.11935
-49.7611 44.0076 -1.59885
-49.7877 42.9951 -1.59347
-49.8171 41.9913 -1.58507
-49.8234 40.999 -1.59162
-49.8449 39.9997 -1.59184
-49.8626 39.0016 -1.59782
-49.8868 37.9932 -1.59225
-49.9069 36.9796 -1.5934
-49.931 35.992 -1.58348
-49.9283 34.988 -1.58548
-49.9359 34.004 -1.59674
-49.9983 32.9967 -1.58428
-49.9769 31.9885 -1.58294
-49.9864 30.991 -1.5742
-50.024 30.0065 -1.58974
-50.0163 28.9984 -1.57673
-50.0146 28.0094 -1.58827
-50.0232 27.0082 -1.57799
-50.033 26.0145 -1.59107
-50.0456 25.0213 -1.58416
-50.046 24.0345 -1.58579
-50.0428 23.0284 -1.58412
-50.0732 22.0269 -1.58256
-50.0753 21.0107 -1.5839
-50.0685 20.0026 -1.58006
-50.0983 18.9976 -1.57793
-50.1093 18.0064 -1.57805
-50.1024 16.9916 -1.56538
-50.0923 15.9907 -1.56703
-50.0844 14.9964 -1.55651
-50.081 13.992 -1.55954
-50.0424 12.9928 -1.56655
-50.0341 11.9976 -1.58378
-50.0355 10.9861 -1.56599
-50.0416 9.97891 -1.5703
-50.0441 8.98129 -1.57442
-50.054 7.99223 -1.57022
-50.04 7.0191 -1.5678
-50.0288 5.97258 -1.56681
-50.0169 4.97617 -1.56822
-50.0416 3.96505 -1.56209
-50.0104 2.98059 -1.57183
-50.0217 1.96814 -1.57278
-50.0031 0.988415 -1.57252
-49.9958 0.0017667 -1.58625
-50.0185 -0.985596 -1.5773
-50.018 -1.99851 -1.58282
-50.0217 -2.98831 -1.57471
-50.0143 -4.01735 -1.58572
-50.0254 -5.00672 -1.57769
-50.0689 -5.99938 -1.56479
-50.0715 -7.00074 -1.57111
-50.0373 -8.00928 -1.57843
-50.0755 -9.00698 -1.59007
-50.1024 -10.0012 -1.58292
-49.0736 -10.0084 -0.0188651
-48.0745 -10.029 -0.00473889
-47.0842 -10.0293 -0.01318
-46.0851 -10.022 -0.0121117
-45.1041 -10.0354 -0.0111632
-44.0969 -10.0415 -0.022341
-43.0554 -10.0831 -0.032502
-42.059 -10.0759 -0.0264397
-41.046 -10.1034 -0.0206696
-40.0739 -10.104 -0.0131301
-40.0788 -9.10432 1.57352
-40.0755 -8.11842 1.57245
-40.0732 -7.0856 1.57616
-40.0716 -6.0632 1.56434
-40.0976 -5.04079 1.55827
-40.073 -4.0539 1.57
-40.0889 -3.05114 1.57076
-40.0682 -2.056 1.57038
-40.0697 -1.08999 1.55211
-40.0371 -0.111416 1.55663
-40.0356 0.901954 1.56161
-40.0257 1.92812 1.56728
-40.0288 2.91264 1.56493
-40.0283 3.92222 1.56152
-40.025 4.95185 1.57218
-40.0502 5.97971 1.58308
-40.0659 6.97966 1.57089
-40.0763 7.97497 1.56249
-40.0742 8.96498 1.56806
-40.1196 9.98428 1.56604
-40.1275 10.9965 1.56432
-40.115 12.0024 1.54821
-40.0596 12.9963 1.55732
-40.0442 13.9742 1.56136
-40.036 14.9706 1.55034
-40.0106 15.9802 1.55819
-39.9858 16.969 1.5447
-39.9777 17.9741 1.54462
-39.987 18.9746 1.55553
-40.0005 19.9796 1.56369
-39.9948 20.9414 1.5796
-39.9924 21.9292 1.57138
-39.9583 22.9469 1.57663
-39.9583 23.9597 1.58193
-39.9696 24.9978 1.57663
-39.9897 25.9939 1.56213
-39.9956 27.0007 1.54961
-39.9731 27.9713 1.56393
-40.0012 28.9527 1.56733
-39.9683 29.9419 1.58122
-40.0238 30.9342 1.57181
-40.0642 31.939 1.5635
-40.036 32.9262 1.55723
-40.0135 33.9305 1.56111
-39.976 34.9336 1.55444
-38.9723 34.8983 -0.00945486
-37.9628 34.8993 -0.00371552
-36.9853 34.9067 0.00966126
-36.0111 34.9304 0.0113886
-35.011 34.9348 0.000514584
-34.9933 33.9451 -1.56508
-34.9875 32.9212 -1.56129
-34.9837 31.912 -1.58095
-34.9738 30.9308 -1.57962
-34.9877 29.9223 -1.57227
-34.9859 28.9092 -1.57291
-34.9752 27.8955 -1.58229
-35.0136 26.9055 -1.59098
-35.0445 25.8825 -1.58606
-35.0746 24.8974 -1.56829
-35.0911 23.8762 -1.56667
-35.0803 22.8763 -1.55139
-35.061 21.8422 -1.55919
-35.0576 20.8567 -1.5624
-35.025 19.8798 -1.56811
-35.0298 18.8779 -1.58266
-35.0309 17.8983 -1.57685
-35.0157 16.8737 -1.58323
-35.0441 15.8706 -1.57123
-35.05 14.8713 -1.57666
-35.0622 13.8522 -1.56922
-35.054 12.8478 -1.5595
-35.014 11.8559 -1.57117
-35.0143 10.8395 -1.57929
-35.0293 9.83984 -1.57821
-35.058 8.82996 -1.58889
-35.0748 7.87367 -1.58142
-35.0639 6.90046 -1.57841
-35.0525 5.91095 -1.58122
-35.0526 4.90021 -1.58569
-35.0571 3.88757 -1.57577
-35.0824 2.88883 -1.56524
-35.0787 1.87359 -1.57706
-35.097 0.906083 -1.56269
-35.0335 -0.106283 -1.56543
-35.0733 -1.09125 -1.55214
-35.0404 -2.06698 -1.56572
-35.0277 -3.0464 -1.56797
-35.0063 -4.05747 -1.57982
-35.0016 -5.03512 -1.57899
-35.0328 -6.08165 -1.57711
-35.0241 -7.1035 -1.57422
-35.0089 -8.10062 -1.58261
-34.9924 -9.09211 -1.58388
-35.008 -10.0969 -1.58611
-36.0038 -10.0733 3.12601
-37.0371 -10.0546 3.13787
-38.0514 -10.0585 3.12386
-39.0545 -10.0909 3.13785
-40.0488 -10.1042 3.13567
-41.08 -10.0988 3.12125
-42.075 -10.0665 3.1336
-43.1027 -10.0709 3.12787
-44.1128 -10.0398 3.13619
-45.0784 -10.024 3.13616
-46.0972 -10.0362 3.13788
-47.0696 -10.0203 3.14138
-48.0827 -10.0481 3.13263
-49.0969 -10.0151 3.12612
-50.1047 -10.0095 3.12669
-50.1128 -11.0102 -1.58405
-50.1255 -11.9997 -1.58606
-50.147 -13.0056 -1.58949
-50.1363 -14.0261 -1.57979
-50.1369 -15.0174 -1.57196
-50.1244 -16.0275 -1.57289
-50.1305 -17.0573 -1.58433
-50.1404 -18.053 -1.58102
-50.1591 -19.034 -1.59065
-50.1695 -20.0514 -1.58362
-50.1801 -21.0738 -1.56399
-50.1835 -22.0938 -1.57298
-50.1772 -23.0368 -1.57277
-50.157 -24.0358 -1.57346
-50.1653 -25.0215 -1.58167
-50.2084 -25.985 -1.57608
-50.1987 -26.9939 -1.5734
-50.2026 -27.9963 -1.5742
-50.1947 -29.0111 -1.5728
-50.2222 -30.0145 -1.58023
-50.2285 -31.0045 -1.57083
-50.2383 -31.9963 -1.57017
-50.2484 -32.983 -1.57777
-50.2536 -33.9772 -1.57985
-50.2602 -34.9776 -1.56656
-50.2812 -35.9734 -1.56373
-50.2577 -36.9944 -1.57133
-50.2312 -37.9967 -1.57527
-50.2476 -39.0072 -1.57052
-50.2222 -39.9971 -1.58814
-50.243 -41.0179 -1.59377
-50.2746 -42.0093 -1.57983
-50.2673 -42.9777 -1.57679
-50.268 -43.9775 -1.57121
-50.2675 -44.9938 -1.57229
-50.2646 -45.9781 -1.57009
-50.2326 -46.9469 -1.5485
-50.2249 -47.9602 -1.55707
-50.23 -48.9747 -1.559
-50.2329 -49.9496 -1.56246
-49.2044 -49.9533 0.0147211
-48.1888 -49.9527 0.00274692
-47.2075 -49.9378 0.00254118
-46.1929 -49.9261 -0.0189505
-45.1828 -49.9366 -0.00541803
-44.203 -49.9318 -0.0130601
-43.2049 -49.9927 -0.0184682
-42.2101 -49.9997 -0.0206672
-41.2063 -50.0062 -0.00467709
-40.2228 -50.0196 -0.00108309
-39.217 -50.0042 -0.0123132
-38.1991 -50.0073 -0.011992
-37.1702 -50.0153 0.00657886
-36.1875 -50.0198 0.00667202
-35.173 -49.9988 -0.00207186
-34.2184 -50.0405 -0.00210304
-33.1701 -50.0519 0.00582569
-32.169 -50.0309 0.00379935
-31.1505 -50.0148 0.00507906
-30.1624 -49.9996 0.00807687
-29.171 -49.9603 -0.00373537
-28.1969 -49.9768 -0.00141118
-27.2117 -49.9733 -0.00479236
-26.2216 -49.9905 -0.0171455
-25.2567 -50.0357 -0.00112619
-24.2821 -50.0481 -0.00896297
-23.2709 -50.0486 -0.00897136
-22.2632 -50.0616 -0.0264927
-21.2531 -50.0833 -0.0236129
-20.2874 -50.1342 -0.0137101
-19.2975 -50.1603 -0.015411
-18.3026 -50.1417 0.00136054
-17.3052 -50.1118 0.00445807
-16.2901 -50.1612 -0.00771296
-15.2802 -50.185 -0.00924594
-14.2789 -50.1682 -0.00439257
-13.2765 -50.1506 0.0126804
-12.2496 -50.1451 0.00141624
-11.2433 -50.1333 -0.00060132
-10.2296 -50.1231 -0.00677031
-9.24456 -50.1528 -0.0113178
-8.22886 -50.1537 -0.00861202
-7.20671 -50.1554 0.00853218
-6.22376 -50.1688 0.00119687
-5.21892 -50.1797 -0.00419547
-4.19187 -50.1835 -0.00410214
-3.19558 -50.1702 0.0013607
-2.20407 -50.1582 -0.00433229
-1.19945 -50.1399 -0.0113336
-0.220341 -50.1811 -0.026473
-0.242038 -51.1756 -1.59697
-0.260932 -52.1447 -1.57509
-0.255796 -53.1534 -1.58217
-0.281516 -54.1697 -1.58305
-0.287332 -55.1457 -1.5677
0.698138 -55.1317 0.00165009
1.70214 -55.1168 0.00414695
2.70536 -55.0692 0.012999
3.72072 -55.0422 0.00699274
4.69304 -55.0474 0.00341743
5.71341 -55.0323 0.00362032
6.72052 -54.985 0.012501
7.71191 -54.9554 -0.000683283
8.72154 -54.9519 -0.00208155
9.7127 -54.9527 -0.0100507
10.7148 -54.9843 0.00284188
11.7156 -54.9893 0.00465395
12.6876 -54.9906 0.0123756
13.6716 -55.0176 -0.0154718
14.6688 -55.0365 -0.00176611
15.6878 -55.0503 -0.00088295
16.7296 -55.041 -0.00270293
17.7466 -55.0448 -0.00221976
18.7363 -55.0669 -0.023837
19.7206 -55.076 -0.0174903
20.728 -55.1208 -0.0345517
21.691 -55.1316 -0.0274553
22.699 -55.1509 -0.0406316
23.7403 -55.1982 -0.0272222
24.7297 -55.2122 -0.0191241
25.7478 -55.2223 -0.0296511
26.737 -55.2787 -0.0442448
27.7288 -55.3387 -0.0382753
28.7223 -55.3532 -0.0270138
29.7262 -55.3815 -0.0205154
29.7258 -54.3809 1.54007
29.7503 -53.3682 1.54598
29.7619 -52.3734 1.54935
29.8113 -51.3696 1.56047
29.7943 -50.365 1.55907
29.7929 -49.3375 1.57511
29.8043 -48.313 1.57686
29.817 -47.3077 1.56765
29.7826 -46.3561 1.55499
29.7848 -45.3243 1.55222
29.7802 -44.3508 1.55341
29.7929 -43.3445 1.5617
29.8096 -42.3323 1.5573
29.8542 -41.3319 1.55516
29.8641 -40.3547 1.57113
29.8813 -39.348 1.57311
29.8903 -38.3361 1.56604
29.89 -37.3455 1.55847
29.9075 -36.329 1.56594
29.88 -35.2894 1.56325
28.8769 -35.3281 -3.13784
27.893 -35.3166 3.13207
26.8888 -35.282 -3.13956
25.8595 -35.2678 3.13915
24.8667 -35.3021 3.13975
23.866 -35.327 3.14084
22.8793 -35.3132 -3.14126
21.8775 -35.2977 3.1373
20.8882 -35.2954 3.1345
19.8763 -35.2694 3.13853
19.856 -34.2826 1.54988
19.8858 -33.3081 1.55591
19.8606 -32.2931 1.56248
19.8772 -31.3066 1.55464
19.9064 -30.3312 1.54496
19.9553 -29.3404 1.55847
19.9925 -28.3526 1.54546
19.9945 -27.3558 1.55977
20.0314 -26.3526 1.5758
20.0691 -25.3466 1.58685
20.0287 -24.3444 1.58366
20.0144 -23.356 1.58163
20.0482 -22.3531 1.57221
20.0135 -21.3364 1.57418
20.0138 -20.3287 1.57672
20.0069 -19.2784 1.56157
19.9896 -18.2501 1.55818
20.0256 -17.2477 1.56587
19.9997 -16.2627 1.55627
20.0107 -15.2731 1.55922
20.0598 -14.2834 1.57627
20.0197 -13.3077 1.57913
20.0274 -12.2857 1.58247
20.0139 -11.3044 1.57927
20.0148 -10.3063 1.58227
19.9786 -9.32828 1.58178
19.9968 -8.33097 1.57331
20.0039 -7.30844 1.57221
19.9928 -6.2882 1.56796
20.0069 -5.32239 1.58614
19.9935 -4.34 1.57632
19.9877 -3.31245 1.56066
19.9987 -2.32279 1.57427
19.9668 -1.32065 1.57222
19.9498 -0.307943 1.56542
19.9227 0.685724 1.56428
19.909 1.69797 1.55861
19.9409 2.72047 1.558
19.9656 3.74398 1.55562
19.9615 4.72774 1.54183
20.0321 5.72768 1.55878
20.0368 6.70904 1.54943
20.0563 7.69164 1.55718
20.0529 8.67117 1.55719
20.0541 9.67974 1.57111
20.056 10.7091 1.55657
20.0959 11.708 1.55425
20.1334 12.7001 1.55977
20.1696 13.6619 1.55333
20.1775 14.6548 1.56754
20.1882 15.6641 1.57491
20.1608 16.6559 1.58464
20.1657 17.6854 1.57624
20.1653 18.6773 1.57312
20.1518 19.656 1.57727
20.1239 20.6354 1.58389
20.1091 21.64 1.58115
20.104 22.6515 1.57931
20.0965 23.645 1.58491
20.1078 24.6451 1.58669
20.1215 25.6605 1.5787
20.105 26.6393 1.57736
20.1119 27.673 1.5844
20.0932 28.6629 1.57756
20.0737 29.6262 1.57425
20.0853 30.6233 1.57169
20.0768 31.6524 1.56587
20.0764 32.6954 1.5654
20.0839 33.6838 1.57124
20.0515 34.6701 1.55868
20.0745 35.6749 1.53992
20.0877 36.6357 1.55302
20.0864 37.6605 1.53493
20.1131 38.6484 1.54729
20.1025 39.6419 1.53989
20.1333 40.6339 1.53375
20.1696 41.6456 1.52282
20.2029 42.6629 1.53496
20.2399 43.616 1.54564
20.2631 44.6109 1.55184
20.2609 45.5822 1.54868
20.2742 46.5664 1.56066
20.2768 47.576 1.55521
20.2538 48.5743 1.55829
20.2805 49.6081 1.55522
19.2645 49.6476 3.11709
18.2458 49.6854 3.11048
17.2733 49.6956 3.12264
16.2832 49.7187 3.14018
15.2555 49.7484 -3.12321
14.259 49.6847 -3.11686
13.2635 49.6797 -3.1187
12.2931 49.644 -3.13005
11.2678 49.6187 -3.13409
10.2785 49.5858 3.13443
9.2941 49.6089 3.12698
8.29133 49.6497 3.12295
7.31176 49.6509 3.12761
6.29623 49.6814 3.13394
5.2924 49.6834 3.12671
5.28849 48.7031 -1.5803
5.29526 47.6878 -1.58465
5.25683 46.6796 -1.59081
5.21422 45.6455 -1.58525
5.17484 44.6617 -1.5813
5.12668 43.6767 -1.58537
5.12734 42.6907 -1.59667
5.13623 41.7226 -1.59249
5.13024 40.7174 -1.57572
5.1361 39.7011 -1.56659
5.16457 38.6978 -1.57049
5.18447 37.7354 -1.57429
5.17848 36.7527 -1.5728
5.18214 35.7543 -1.56391
5.19421 34.752 -1.56885
5.20927 33.7371 -1.57448
5.20294 32.7296 -1.58313
5.19725 31.7391 -1.58145
5.16221 30.7601 -1.58839
5.13932 29.7374 -1.5946
5.11288 28.7156 -1.58616
5.0736 27.7753 -1.59374
5.08313 26.7595 -1.59708
5.05068 25.7705 -1.59178
5.02303 24.7628 -1.58048
5.00019 23.7814 -1.58534
4.99431 22.7836 -1.58517
4.96956 21.7984 -1.57977
4.96984 20.8279 -1.57754
4.96683 19.8339 -1.57663
4.92537 18.8119 -1.57106
4.9307 17.8141 -1.56839
4.9262 16.8203 -1.56698
4.89663 15.8237 -1.57282
4.94242 14.8437 -1.57128
4.94028 13.8208 -1.57025
4.91183 12.8267 -1.57564
4.89888 11.8627 -1.57751
4.89457 10.8417 -1.56251
4.90485 9.84502 -1.56861
4.90251 8.82111 -1.57559
4.90605 7.82386 -1.57267
4.89785 6.83294 -1.58309
4.9189 5.83736 -1.5605
4.92319 4.8212 -1.54925
5.95 4.81646 0.0161624
6.95189 4.84213 0.00208256
7.94335 4.80471 -0.00282365
8.93075 4.78382 -0.00679418
9.94678 4.7807 0.00647817
10.9265 4.7829 -0.00210196
11.967 4.81188 -0.00960585
13.0008 4.77891 -0.0140901
13.979 4.75117 -0.014531
14.9796 4.71962 -0.00249488
15.9953 4.70904 0.00225346
17.0037 4.71974 -0.00371491
17.9965 4.72341 -0.0133304
18.975 4.7225 -0.020761
19.9703 4.69495 -0.00619426
20.9729 4.68924 -0.0157929
21.9762 4.67781 -0.0237081
22.9722 4.6692 -0.0153392
23.9565 4.63247 -0.0125591
24.9612 4.59662 -0.0123087
25.9669 4.55753 0.00484366
26.978 4.57005 -0.00711623
27.9953 4.54121 -0.0109342
28.9969 4.52951 -0.0107961
29.9668 4.50987 -0.0108582
30.9791 4.51889 -0.0214268
31.966 4.50716 -0.0159409
32.947 4.48075 -0.0134141
33.949 4.4896 -0.0227893
34.9329 4.48137 0.00109258
35.9322 4.46896 0.00367866
36.9413 4.41442 0.00145369
37.9666 4.40124 2.40724e-05
38.9647 4.38643 -0.0037432
39.9467 4.40337 0.0029811
40.9527 4.4047 0.007233
41.9457 4.423 0.00200636
42.9147 4.40792 0.011362
43.8934 4.41861 0.00753026
44.912 4.3971 0.00371036
45.954 4.40644 -0.000904405
46.9678 4.41765 0.00861949
47.9508 4.42137 0.00583444
48.9737 4.43236 -0.0040283
49.9721 4.41982 0.00345164
49.9662 3.43677 -1.57232
49.99 2.42033 -1.56726
49.985 1.44966 -1.57986
49.9589 0.472013 -1.56649
49.9594 -0.54433 -1.56635
49.9514 -1.53383 -1.56726
49.9499 -2.54664 -1.5789
49.9387 -3.53126 -1.56984
49.9463 -4.51321 -1.57766
49.9359 -5.53588 -1.58037
49.9521 -6.52517 -1.57459
49.9453 -7.53344 -1.56996
49.9439 -8.52101 -1.58177
49.9499 -9.51223 -1.57812
49.9324 -10.5409 -1.57833
49.9218 -11.5235 -1.56686
49.9248 -12.5265 -1.56268
49.9195 -13.5083 -1.56269
49.9203 -14.5185 -1.54613
49.9508 -15.5092 -1.55205
49.9283 -16.5365 -1.56244
49.9388 -17.5365 -1.56339
49.924 -18.5352 -1.56309
49.9436 -19.5324 -1.57261
49.9315 -20.5428 -1.58037
49.8973 -21.5406 -1.56055
49.9334 -22.5206 -1.57705
49.9294 -23.5229 -1.56817
49.9437 -24.5299 -1.57647
49.9542 -25.5435 -1.57012
49.9691 -26.5469 -1.5729
49.9746 -27.5582 -1.56851
49.9496 -28.5476 -1.57977
49.9326 -29.5195 -1.57007
49.9652 -30.5184 -1.56961
48.9457 -30.5164 3.13929
47.9583 -30.5263 3.13745
46.9905 -30.5319 3.12769
46.0174 -30.5036 3.12665
45.0091 -30.4756 3.10456
44.0049 -30.4009 3.09359
43.0067 -30.3407 3.09417
42.0025 -30.345 3.10233
41.0268 -30.3471 3.12236
39.9834 -30.37 3.11755
39.9672 -31.3734 -1.59123
39.9429 -32.364 -1.5875
39.945 -33.3604 -1.58303
39.9157 -34.3618 -1.58143
39.8842 -35.3683 -1.57854
38.9266 -35.3626 3.13493
37.9286 -35.369 3.12088
36.9159 -35.3528 -3.13679
35.907 -35.3424 -3.12696
34.9033 -35.3434 -3.13238
33.9118 -35.3328 -3.13213
32.9006 -35.3303 -3.14126
31.931 -35.3744 -3.13912
30.9349 -35.339 -3.13286
29.9088 -35.3294 -3.13997
28.9211 -35.3311 3.13683
27.8912 -35.3078 3.13627
26.8797 -35.3082 3.13331
25.8668 -35.3151 3.12656
24.8586 -35.3313 3.12703
23.8475 -35.3095 3.1372
22.8743 -35.2882 -3.14067
21.867 -35.2816 -3.14091
20.9037 -35.3168 3.13568
19.9014 -35.27 3.12667
19.9 -36.2306 -1.58705
19.8738 -37.2332 -1.59162
19.8556 -38.2587 -1.60177
19.8451 -39.2431 -1.60513
19.8003 -40.2259 -1.59728
19.7824 -41.2022 -1.59263
19.7189 -42.2058 -1.5849
19.744 -43.2214 -1.57472
19.7587 -44.2007 -1.56535
19.7516 -45.2235 -1.56918
18.75 -45.2393 3.12268
17.779 -45.2082 3.12535
16.7563 -45.1789 3.13575
15.7459 -45.1624 3.13578
14.7398 -45.1362 3.12826
13.7294 -45.1592 -3.13698
12.7531 -45.1681 -3.13645
11.7857 -45.1991 -3.13244
10.7672 -45.1859 -3.13622
9.76587 -45.1835 3.14091
9.76397 -44.1966 1.57715
9.77567 -43.2058 1.56054
9.79382 -42.202 1.55769
9.81925 -41.1776 1.5638
9.80126 -40.1738 1.56692
10.8158 -40.1908 -0.00938737
11.8033 -40.1723 0.00356135
12.8009 -40.1848 0.00703056
13.7846 -40.1549 -0.00382992
14.7714 -40.1403 0.00196883
15.7904 -40.1314 -0.00742632
16.8059 -40.1621 -0.0176582
17.8219 -40.1743 -0.0196164
18.7975 -40.1955 -0.0267789
19.8065 -40.1986 -0.0226832
20.7811 -40.2208 -0.029464
21.7671 -40.2333 -0.0174189
22.7644 -40.2252 -0.0339584
23.7798 -40.2038 -0.021159
24.8125 -40.2878 -0.0111273
24.8156 -39.2765 1.56257
24.8252 -38.2846 1.56588
24.8341 -37.3092 1.56936
24.8418 -36.2985 1.55474
24.8637 -35.2926 1.5578
24.8556 -34.2718 1.55723
24.8728 -33.2433 1.54557
24.8695 -32.27 1.55921
24.8926 -31.2582 1.55966
24.8853 -30.2612 1.56929
24.8825 -29.2954 1.56179
24.8844 -28.2639 1.56131
24.8957 -27.2997 1.56778
24.8844 -26.2887 1.57342
24.8864 -25.2849 1.57115
25.863 -25.2935 -0.015114
26.8581 -25.2988 0.000369814
27.8451 -25.2993 0.0101309
28.8536 -25.2911 0.000718315
29.8844 -25.3008 -0.00272692
30.9202 -25.3438 -0.00823549
31.9325 -25.4029 -0.000393032
32.9125 -25.3858 -0.0182432
33.9166 -25.4071 -0.0147706
34.9149 -25.4183 -0.0244448
35.9187 -25.4638 -0.0298773
36.8922 -25.4819 -0.0264229
37.8919 -25.4899 -0.0146919
38.8523 -25.5144 -0.00704667
39.871 -25.5187 -0.00917748
40.8658 -25.5534 -0.0133309
41.8749 -25.5558 0.00474013
42.9326 -25.5325 0.012682
43.9734 -25.5234 0.0214386
44.9488 -25.5105 0.0158187
44.9357 -24.5033 1.57222
44.9502 -23.4862 1.58343
44.9492 -22.4864 1.57638
44.9585 -21.5128 1.56359
44.944 -20.5409 1.57845
44.9332 -19.5376 1.5828
44.9491 -18.5191 1.56749
44.9421 -17.5453 1.58796
44.906 -16.5409 1.57708
44.8845 -15.5461 1.57277
44.8407 -14.5441 1.58276
44.8571 -13.5544 1.56778
44.841 -12.5947 1.57851
44.8327 -11.5789 1.57464
44.8155 -10.5823 1.5571
44.8378 -9.57528 1.55653
44.8335 -8.58976 1.56167
44.8527 -7.56934 1.55717
44.8695 -6.55255 1.56061
44.8998 -5.55082 1.57026
44.9441 -4.55128 1.56441
44.9447 -3.51157 1.5665
44.8967 -2.51581 1.56199
44.9285 -1.53574 1.56258
44.9054 -0.543173 1.56979
45.9331 -0.515648 0.000802315
46.9526 -0.523524 -0.00475726
47.919 -0.538246 0.00290932
48.903 -0.532251 0.00236512
49.9231 -0.519455 -0.00371425
49.943 -1.54077 -1.5744
49.9223 -2.54822 -1.5771
49.922 -3.52858 -1.58625
49.9361 -4.52652 -1.58782
49.9238 -5.52232 -1.57524
49.9453 -6.52746 -1.57431
49.9202 -7.54251 -1.57492
49.9264 -8.53847 -1.56809
49.9093 -9.539 -1.56803
49.9348 -10.525 -1.57011
49.9121 -11.515 -1.55825
49.937 -12.5106 -1.56773
49.899 -13.5214 -1.57828
49.913 -14.4943 -1.56478
49.9397 -15.5161 -1.57063
49.9443 -16.5261 -1.57219
49.9418 -17.5487 -1.56216
49.9489 -18.5344 -1.56866
49.9453 -19.5346 -1.56592
49.9497 -20.5159 -1.57324
49.9459 -21.5407 -1.56793
49.9526 -22.5292 -1.5656
49.9604 -23.5313 -1.57353
49.965 -24.5527 -1.56687
49.9649 -25.5534 -1.56556
49.9518 -26.5521 -1.57219
49.9547 -27.5385 -1.57369
49.9524 -28.5214 -1.57544
49.9521 -29.5239 -1.57602
49.9415 -30.5162 -1.57926
49.9499 -31.4931 -1.57589
49.94 -32.4957 -1.57848
49.9209 -33.4879 -1.58606
49.9241 -34.4805 -1.57988
49.9116 -35.4778 -1.5853
50.9124 -35.4764 -0.0127708
51.9247 -35.4928 -0.0144418
52.9369 -35.4887 -0.0045567
53.9369 -35.4649 -0.0273347
54.9672 -35.4793 -0.0259438
54.9409 -36.4887 -1.59684
54.9542 -37.4689 -1.60823
54.9702 -38.4795 -1.60606
54.9356 -39.4809 -1.58856
54.924 -40.4659 -1.58378
54.9338 -41.4725 -1.58782
54.9343 -42.4655 -1.58929
54.9284 -43.486 -1.58924
54.8889 -44.4998 -1.58662
54.8851 -45.4836 -1.57272
54.8864 -46.4941 -1.56912
54.8784 -47.5231 -1.58324
54.8706 -48.5032 -1.58913
54.8486 -49.4975 -1.60249
54.8194 -50.4818 -1.59037
53.8269 -50.4537 3.12584
52.8296 -50.4585 3.13169
51.8246 -50.4515 3.12578
50.8193 -50.4457 3.12433
49.8479 -50.4452 3.13661
48.8458 -50.4283 3.12568
47.8308 -50.4398 3.13329
46.8499 -50.4448 3.13474
45.8693 -50.4397 3.13263
44.849 -50.4024 3.14035
43.8544 -50.4185 3.13768
42.846 -50.3807 -3.14098
41.8896 -50.3748 -3.13271
40.8653 -50.3541 -3.13675
39.8546 -50.3833 -3.1312
38.8542 -50.4018 -3.13775
37.8474 -50.3858 3.13741
36.8296 -50.3866 3.13999
35.8331 -50.3653 -3.13613
34.866 -50.3797 -3.12682
34.8317 -49.3811 1.58119
34.8361 -48.3676 1.5797
34.8052 -47.3638 1.57674
34.795 -46.3572 1.56755
34.786 -45.3473 1.57077
33.7759 -45.3579 3.14123
32.7773 -45.3517 3.13519
31.7884 -45.3574 -3.13599
30.7756 -45.3493 3.14098
29.7565 -45.3269 3.13479
28.7702 -45.3284 3.13269
27.7758 -45.3135 3.11858
26.7704 -45.2801 3.12659
25.7666 -45.268 3.13949
24.7878 -45.2381 3.13496
23.7506 -45.2363 3.13465
22.7648 -45.2096 3.13455
21.7668 -45.2142 3.13486
20.7408 -45.2206 3.13571
19.7409 -45.2249 3.13857
19.7421 -46.2221 -1.58443
19.7388 -47.2218 -1.57539
19.7562 -48.2298 -1.57011
19.7773 -49.2523 -1.57912
19.7206 -50.2364 -1.57297
18.7326 -50.2291 -3.13214
17.7349 -50.2465 3.13819
16.741 -50.2373 3.128
15.7155 -50.2306 3.13446
14.7396 -50.2172 3.12763
13.7347 -50.202 3.14069
12.7641 -50.1993 3.13803
11.7343 -50.1911 3.14082
10.7646 -50.1721 -3.13674
9.75591 -50.1825 -3.12794
8.763 -50.1923 -3.13555
7.79041 -50.2045 3.13842
6.79672 -50.2108 3.13413
5.79456 -50.1711 3.1376
4.77792 -50.1522 -3.13251
3.76826 -50.1659 3.14056
2.77011 -50.172 3.13519
1.7645 -50.1915 3.12182
0.781855 -50.2044 3.12041
-0.205464 -50.191 3.12433
-1.22262 -50.1785 3.12464
-2.18539 -50.1554 3.13988
-3.20237 -50.1749 3.13578
-4.19744 -50.1633 3.13151
-5.21009 -50.1535 3.13022
-6.22419 -50.1586 -3.13985
-7.21714 -50.1717 -3.13633
-8.2494 -50.1683 -3.14096
-9.24134 -50.1687 -3.13674
-10.261 -50.1689 3.13266
-11.2504 -50.1523 3.12728
-12.2725 -50.147 3.1289
-13.278 -50.1367 -3.1385
-14.2653 -50.1506 3.13888
-15.2899 -50.1711 -3.13824
-15.2752 -49.165 1.57992
-15.2873 -48.1726 1.57856
-15.3177 -47.1741 1.5816
-15.3029 -46.1509 1.58102
-15.3112 -45.1532 1.56869
-15.287 -44.1139 1.57776
-15.2881 -43.1081 1.56305
-15.2951 -42.1411 1.57587
-15.2862 -41.1413 1.5527
-15.2815 -40.1693 1.55038
-15.2718 -39.1219 1.54954
-15.2265 -38.1358 1.55628
-15.2074 -37.103 1.56529
-15.2204 -36.096 1.56777
-15.2172 -35.1108 1.57641
-15.2105 -34.0804 1.56126
-15.2102 -33.0948 1.57426
-15.2036 -32.0971 1.56662
-15.1987 -31.0761 1.56821
-15.2035 -30.0639 1.57868
-15.2556 -29.0496 1.56923
-15.2307 -28.049 1.57654
-15.2092 -27.0612 1.58233
-15.2386 -26.0882 1.58379
-15.267 -25.0821 1.58255
-15.3058 -24.0911 1.56748
-15.3047 -23.0856 1.56381
-15.3199 -22.0567 1.55391
-15.3117 -21.0186 1.54737
-15.258 -20.0156 1.55475
-15.2648 -19.0061 1.52656
-15.2126 -18.0241 1.53625
-15.1911 -17.0207 1.53376
-15.1219 -16.016 1.55499
-15.1014 -14.9954 1.55184
-15.054 -14.0003 1.55099
-15.0383 -12.9871 1.54457
-15.0308 -11.9825 1.54398
-15.0315 -10.9414 1.55039
-15.0177 -9.98152 1.55283
-15.0271 -8.98866 1.56509
-14.9966 -8.00215 1.57363
-15.0065 -6.96869 1.5722
-15.0296 -5.97266 1.57775
-15.0521 -4.96947 1.57397
-14.0604 -4.94594 -0.00447188
-13.068 -4.97041 0.00150118
-12.0465 -4.9774 -0.00278752
-11.0432 -4.97882 -0.00715664
-10.0703 -5.00936 -0.0118529
-9.05229 -5.03242 -0.0226946
-8.05624 -5.07433 -0.012693
-7.06497 -5.09927 -0.0129468
-6.06424 -5.07221 -0.0191406
-5.06174 -5.08983 -0.00837791
-4.07301 -5.08273 -0.000743243
-3.0364 -5.0563 -0.00717072
-2.0423 -5.07398 0.00444033
-1.05055 -5.04809 0.00412005
-0.0305579 -5.03348 0.00319001
-0.0167916 -4.07511 1.56926
-0.0134619 -3.05838 1.55966
0.000421501 -2.05138 1.57356
-0.0181089 -1.01236 1.57886
-0.0181185 0.018768 1.57714
-1.00732 -0.0107413 -3.13934
-1.99021 0.00389487 -3.13877
-2.98428 0.00375986 -3.13116
-3.95133 -0.0343015 -3.13103
-4.98751 -0.0158818 -3.14073
-5.98967 -0.0113313 3.13608
-7.00327 0.00181737 3.1397
-8.01474 -0.000350197 3.13143
-9.00815 0.0195288 3.13215
-9.99146 0.0205724 3.13751
-11.0054 0.017069 -3.14055
-11.9965 -0.00303411 -3.13671
-12.9961 -0.0147979 3.1396
-14.004 -0.0364419 3.13552
-15.0097 -0.0179681 -3.13566
-15.9777 -0.00727976 3.13902
-16.9868 -0.00859378 -3.13891
-17.9866 0.0157426 -3.12967
-18.9803 -0.0254054 -3.12528
-19.9784 -0.0344824 -3.12449
-20.9775 -0.0199281 3.13889
-21.9601 0.031101 -3.12774
-22.9442 0.0232225 -3.13718
-23.9277 -0.000889532 3.14017
-24.9561 -0.0200651 3.13692
-25.9494 0.00334448 3.13788
-26.9702 -0.0139815 -3.14053
-27.9899 0.00291571 -3.13582
-29.0105 -0.00119273 -3.13198
-30.0027 -0.039565 -3.11504
-31.0228 -0.0982707 -3.13264
-32.0045 -0.0833962 3.13841
-33.0179 -0.110721 -3.12848
-34.0353 -0.113844 -3.12997
-35.0768 -0.108214 -3.12972
-36.0851 -0.106914 -3.1264
-37.086 -0.105699 -3.13431
-38.0847 -0.0981635 3.14019
-39.0425 -0.0997099 3.13703
-40.0546 -0.0839892 -3.14103
-40.0503 -1.08808 -1.57759
-40.0717 -2.07503 -1.57006
-40.0746 -3.06789 -1.57465
-40.0789 -4.0577 -1.57479
-40.0658 -5.05357 -1.57302
-41.0876 -5.05481 -3.13829
-42.0995 -5.04147 -3.1401
-43.0836 -5.02867 3.14025
-44.074 -5.01175 3.13947
-45.0822 -5.01488 -3.13776
-46.0976 -5.00515 3.13545
-47.0819 -5.01998 3.13304
-48.058 -5.01168 -3.13837
-49.0432 -4.99143 3.13461
-50.0514 -4.99462 3.1408
-50.0713 -5.96862 -1.58685
-50.066 -6.96163 -1.57967
-50.0853 -7.97381 -1.57898
-50.0989 -8.97633 -1.57585
-50.1283 -9.9871 -1.5869
-49.1439 -9.98993 -0.0199679
-48.1137 -10.0106 -0.014581
-47.1271 -10.0307 -0.0254144
-46.1114 -10.0773 -0.0223503
-45.1192 -10.1209 -0.00836709
-45.1488 -11.1273 -1.57163
-45.1599 -12.1131 -1.55845
-45.151 -13.0792 -1.5761
-45.1721 -14.0614 -1.57882
-45.1821 -15.0495 -1.58271
-45.176 -16.039 -1.57619
-45.1805 -17.0761 -1.55717
-45.1625 -18.0477 -1.56992
-45.1977 -19.0224 -1.55619
-45.1839 -20.0337 -1.55601
-45.201 -21.0235 -1.55038
-45.169 -22.0403 -1.5616
-45.1716 -23.026 -1.57401
-45.1565 -23.9983 -1.57067
-45.1701 -24.991 -1.55648
-45.1585 -25.9756 -1.55322
-45.1563 -26.9614 -1.55045
-45.1415 -27.967 -1.56441
-45.1191 -28.9643 -1.56296
-45.0804 -29.9514 -1.5483
-45.0682 -30.9738 -1.57534
-45.088 -31.9208 -1.58169
-45.124 -32.9081 -1.58093
-45.1534 -33.8847 -1.57144
-45.1157 -34.8967 -1.57913
-45.1258 -35.9159 -1.57245
-45.1393 -36.8938 -1.56299
-45.1245 -37.9144 -1.56469
-45.1303 -38.9175 -1.54961
-45.1205 -39.9307 -1.55161
-45.151 -40.9016 -1.55446
-45.1194 -41.9045 -1.57942
-45.1418 -42.9049 -1.57781
-45.1562 -43.9208 -1.58637
-45.1621 -44.9482 -1.58065
-44.1644 -44.9509 -0.00701069
-43.1481 -44.965 -0.0147777
-42.1811 -44.9624 -0.0225437
-41.1989 -44.9857 -0.0097261
-40.1913 -45.0152 0.00191892
-39.2018 -45.0116 0.00120258
-38.2152 -45.0585 0.00912831
-37.2175 -45.0595 -0.0102245
-36.1991 -45.0376 -0.00578473
-35.2039 -45.0493 -0.0064522
-35.2068 -44.0355 1.57365
-35.2285 -43.0276 1.57053
-35.2292 -42.0385 1.5673
-35.2135 -41.053 1.57503
-35.2084 -40.0434 1.57934
-35.2235 -39.0569 1.5729
-35.2355 -38.0541 1.57061
-35.2337 -37.0585 1.57826
-35.2227 -36.0583 1.57184
-35.2332 -35.0476 1.56954
-35.2634 -34.0566 1.56413
-35.2626 -33.0754 1.57561
-35.2466 -32.0677 1.56932
-35.2638 -31.0703 1.57597
-35.2385 -30.0452 1.57349
-35.2371 -29.0575 1.5754
-35.2438 -28.0655 1.57548
-35.2456 -27.0452 1.56604
-35.2506 -26.0606 1.57505
-35.2475 -25.0757 1.57048
-35.2438 -24.0945 1.56471
-35.2444 -23.1014 1.55681
-35.2424 -22.1066 1.54913
-35.2551 -21.0906 1.54425
-35.2341 -20.0894 1.55251
-35.2087 -19.0938 1.5586
-35.2039 -18.0871 1.56521
-35.2269 -17.0907 1.58051
-35.2219 -16.0798 1.57729
-35.2094 -15.1049 1.57097
-36.2005 -15.0944 3.12847
-37.2098 -15.0638 3.12772
-38.1732 -15.0237 3.12149
-39.1832 -15.0031 3.13068
-40.1749 -15.0364 3.1329
-41.1828 -15.0259 3.13213
-42.1556 -15.0642 3.12248
-43.135 -15.0303 3.11979
-44.1496 -15.0576 3.13642
-45.1518 -15.0455 -3.13964
-46.1648 -15.0491 -3.13947
-47.144 -15.0449 3.13698
-48.1469 -15.029 3.13628
-49.1229 -15.0138 -3.13974
-50.1309 -15.017 3.1351
-50.1175 -14.0348 1.56191
-50.1279 -13.0214 1.56018
-50.1101 -12.0279 1.56042
-50.1116 -11.0139 1.55903
-50.1076 -10.0152 1.55284
-50.102 -8.96884 1.55401
-50.0756 -8.00443 1.55453
-50.0783 -7.00469 1.55638
-50.0901 -5.99149 1.5647
-50.0767 -4.99685 1.56801
-50.0557 -3.97749 1.5596
-50.0624 -3.00131 1.56266
-50.0454 -1.99506 1.56709
-50.0185 -1.00842 1.55681
-50.0007 0.00496216 1.55828
-49.9993 1.02469 1.57143
-50.0085 1.99755 1.57116
-50.0096 3.00704 1.58225
-50.022 4.0014 1.58111
-50.0344 4.99045 1.57222
-50.0185 6.0046 1.56855
-50.036 6.99018 1.56962
-50.0482 8.00723 1.57612
-50.0415 9.00646 1.58041
-50.0386 10.0082 1.5848
-50.0249 11.0223 1.58585
-50.0382 12.0232 1.56807
-50.0407 12.9826 1.58692
-50.0753 13.992 1.57386
-50.0953 14.9935 1.5755
-50.0974 16.0036 1.57713
-50.1016 17.0067 1.57892
-50.1158 18.0049 1.55799
-50.1098 18.9861 1.56055
-50.1088 19.9912 1.559
-50.081 21.0001 1.56217
-50.0433 22.0128 1.57408
-50.0573 23.0377 1.56587
-50.0252 24.0263 1.56013
-50.03 25.0101 1.55905
-50.02 26.0065 1.56242
-50.0294 27.023 1.55557
-50.0188 28.0073 1.55235
-49.995 28.9858 1.54701
-50.0071 30.0102 1.55962
-49.9979 31.0147 1.55577
-49.9932 31.9973 1.55825
-49.9761 33.0012 1.55175
-49.964 34.0112 1.55351
-49.9359 34.9971 1.55352
-48.9456 34.9818 -0.00934125
-47.9507 34.9619 -0.00108884
-46.9225 34.9397 -0.00405246
-45.9503 34.9373 0.00468197
-44.9558 34.9517 -0.00236323
-43.9701 34.9348 -0.0113911
-42.9735 34.9011 -0.00469229
-42.0001 34.9139 -0.00789725
-41.0136 34.9302 -0.0181563
-39.9938 34.9405 -0.020452
-38.9839 34.9153 -0.0124255
-37.9888 34.9212 -0.0118431
-36.9965 34.9468 -0.00410314
-35.9972 34.9245 -0.00323365
-34.9958 34.9383 0.00069598
-33.9927 34.9607 0.0057261
-33.0244 34.9872 0.0157261
-32.0093 34.9403 -0.00207274
-31.0074 34.9331 0.00273073
-30.0016 34.9183 0.0107267
-28.9987 34.9414 0.00934709
-28.0073 34.9676 0.00274045
-27.0124 34.9739 0.00455316
-26.0123 34.9858 -0.0087366
-25.0181 34.9897 -0.010421
-23.9937 34.9675 -0.010724
-22.9502 34.9409 -0.0199537
-21.953 34.9384 -0.0135569
-20.9507 34.9231 -0.0120791
-19.9335 34.9198 -0.00577909
-19.9322 35.9321 1.54211
-19.8762 36.9216 1.54719
-19.8616 37.9123 1.54811
-19.8282 38.9142 1.54014
-19.8466 39.9283 1.54255
-19.8417 40.944 1.55439
-19.8426 41.9264 1.55577
-19.817 42.9054 1.55954
-19.8006 43.8921 1.55782
-19.8017 44.8746 1.57108
-19.8141 45.9032 1.56857
-19.7968 46.8765 1.55322
-19.7362 47.9078 1.55994
-19.7464 48.9132 1.5587
-19.7471 49.8774 1.55482
-20.7373 49.9057 -3.13969
-21.7539 49.8901 3.14094
-22.7509 49.9043 3.13451
-23.7506 49.9025 3.13054
-24.7531 49.913 3.13552
-24.7604 48.9216 -1.58822
-24.794 47.9242 -1.5879
-24.8697 46.9325 -1.58329
-24.8864 45.9302 -1.5829
-24.9143 44.934 -1.59089
-24.9331 43.9136 -1.60683
-24.9596 42.9055 -1.59541
-24.953 41.9177 -1.58259
-24.9603 40.903 -1.57631
-24.9531 39.8992 -1.56462
-24.9609 38.8834 -1.57191
-24.9857 37.8918 -1.57686
-25.014 36.9189 -1.56378
-24.9915 35.9639 -1.57045
-24.9851 34.982 -1.56962
-24.9792 33.9783 -1.57133
-24.9982 32.977 -1.57077
-25.005 31.9605 -1.59689
-24.9923 30.9347 -1.59577
-25.024 29.9162 -1.59158
-25.0371 28.9372 -1.59095
-25.0869 27.9481 -1.58515
-25.1018 26.9695 -1.59307
-25.1021 25.9236 -1.57186
-25.0908 24.8981 -1.57779
-25.1309 23.8991 -1.56783
-25.1208 22.8796 -1.55377
-25.0803 21.8757 -1.56572
-25.1077 20.8828 -1.56198
-25.1033 19.9167 -1.56661
-25.1427 18.9342 -1.55019
-25.1262 17.9345 -1.54504
-25.0845 16.9497 -1.54639
-25.0605 15.9836 -1.56468
-25.0598 14.9423 -1.57156
-25.0548 13.9425 -1.56248
-25.0453 12.957 -1.55679
-25.0527 11.8984 -1.56663
-25.0344 10.9204 -1.58458
-25.0415 9.92798 -1.58717
-25.0401 8.9593 -1.57833
-25.0254 8.00272 -1.56736
-25.0232 7.03903 -1.55452
-25.0024 6.03953 -1.55562
-24.9884 5.03566 -1.55493
-24.9539 4.01449 -1.57542
-24.9266 3.0685 -1.5745
-24.9261 2.04618 -1.56341
-24.8995 1.03094 -1.57089
-24.8946 0.00773305 -1.58329
-24.9281 -0.985983 -1.58323
-24.9443 -1.9839 -1.57953
-24.9753 -2.97492 -1.57411
-24.9821 -4.0017 -1.59767
-24.9921 -4.99458 -1.60674
-25.0688 -5.98696 -1.60955
-25.1016 -6.99168 -1.59017
-25.1001 -8.00513 -1.58768
-25.1182 -8.9848 -1.57926
-25.1415 -10.0066 -1.57994
-25.1741 -11.0368 -1.56888
-25.1592 -12.0494 -1.57754
-25.1742 -13.0656 -1.57066
-25.1782 -14.0691 -1.54928
-25.1679 -15.0741 -1.55645
-26.1461 -15.0664 3.13498
-27.1274 -15.0665 3.11859
-28.1668 -15.0708 3.13843
-29.2293 -15.0493 -3.14041
-30.2291 -15.0901 -3.1301
-31.2298 -15.1111 -3.13478
-32.2383 -15.1112 3.13465
-33.2028 -15.1013 3.13494
-34.1751 -15.0988 3.1318
-35.1945 -15.0831 -3.13323
-35.196 -16.1154 -1.56234
-35.1574 -17.1087 -1.57241
-35.2129 -18.1038 -1.56808
-35.2219 -19.0866 -1.57926
-35.205 -20.0908 -1.58727
-35.1964 -21.0896 -1.58514
-35.2391 -22.0909 -1.57574
-35.2522 -23.0864 -1.57332
-35.2492 -24.0747 -1.58037
-35.2598 -25.0817 -1.57851
-35.2398 -26.0577 -1.57234
-35.237 -27.0499 -1.57255
-35.2415 -28.0385 -1.57223
-35.2442 -29.0233 -1.57198
-35.2353 -30.0544 -1.57601
-35.2655 -31.0555 -1.56818
-35.2533 -32.0656 -1.56651
-35.2384 -33.0636 -1.57516
-35.2231 -34.0608 -1.57541
-35.2582 -35.0592 -1.5684
-35.2639 -36.074 -1.55714
-35.2185 -37.057 -1.56458
-35.2178 -38.0747 -1.56508
-35.221 -39.0661 -1.57184
-35.2141 -40.0505 -1.57736
-35.2212 -41.0546 -1.57503
-35.1985 -42.0181 -1.56511
-35.2124 -43.0342 -1.57943
-35.2265 -44.0395 -1.57443
-35.2104 -45.0497 -1.56498
-35.2012 -46.0452 -1.56962
-35.1921 -47.0592 -1.57642
-35.2257 -48.0699 -1.57303
-35.2243 -49.0419 -1.57685
-35.2025 -50.0387 -1.5678
-36.2117 -50.027 -3.13369
-37.2128 -50.022 -3.12988
-38.2261 -50.0276 -3.1296
-39.212 -50.0473 3.13301
-40.2121 -50.038 3.13469
-41.2158 -50.0294 3.13683
-42.2277 -50.0266 3.13129
-43.2201 -50.0117 3.1251
-44.2446 -49.9727 3.13334
-45.224 -49.9409 3.13315
-46.1911 -49.9235 3.13811
-47.2174 -49.9452 3.12317
-48.2366 -49.9343 3.14042
-49.2139 -49.9497 3.1379
-50.206 -49.941 3.1378
-50.229 -50.974 -1.56809
-50.2504 -51.9732 -1.56867
-50.2422 -52.9809 -1.57189
-50.2616 -53.9715 -1.57178
-50.2809 -54.9641 -1.56357
-49.2858 -54.9797 -0.00104014
-48.319 -55.0024 -0.00763588
-47.3342 -54.991 -0.0301721
-46.319 -55.0169 -0.00741117
-45.3273 -54.9908 -0.0199001
-45.2977 -53.9591 1.55908
-45.2997 -52.981 1.56655
-45.2576 -51.9847 1.56597
-45.254 -50.9504 1.55751
-45.2215 -49.9619 1.55368
-45.1962 -48.9748 1.54371
-45.1781 -47.9631 1.55724
-45.1867 -46.958 1.56226
-45.1617 -45.9314 1.55392
-45.1694 -44.9556 1.55294
-44.1825 -44.9796 -0.0107164
-43.2145 -44.9769 -0.00287829
-42.1865 -44.9544 -0.0131588
-41.2169 -44.9877 -0.00741707
-40.2092 -45.0093 -0.00682417
-39.232 -45.0153 -0.00869245
-38.2249 -45.0399 -0.00781121
-37.2268 -45.0502 -0.00258262
-36.1938 -45.0565 0.0135391
-35.1976 -45.0526 0.00315188
-34.2045 -45.0335 -0.000756444
-33.2341 -45.0238 -0.0157576
-32.2761 -45.0826 -0.0101463
-31.2966 -45.0508 0.00941356
-30.3093 -45.071 -0.00984091
-29.3135 -45.0772 -0.0162644
-28.2845 -45.1059 -0.010437
-27.2895 -45.1194 -0.00777991
-26.3063 -45.1265 -0.00580162
-25.3341 -45.1477 -0.0148389
-24.3191 -45.1422 -0.00994755
-23.332 -45.153 -0.00254884
-22.302 -45.1697 0.00224986
-21.2958 -45.2048 0.0195915
-20.2974 -45.1819 0.00680911
-19.2895 -45.1824 0.0024293
-18.301 -45.1477 0.00967428
-17.2977 -45.1413 0.00672208
-16.2993 -45.1453 0.00335818
-15.3024 -45.1242 0.00301061
-14.3002 -45.1089 0.00626671
-13.3073 -45.0926 0.00900086
-12.3122 -45.0895 0.00793215
-11.3092 -45.0915 0.0220604
-10.3023 -45.0516 0.0176946
-9.30097 -45.0552 0.017645
-8.29067 -45.0536 0.020904
-7.29541 -45.0335 0.00895849
-6.31159 -45.0157 0.00740791
-5.28528 -45.0093 0.0117219
-4.31013 -44.9997 -0.00672872
-3.33005 -45.0041 -0.0197116
-2.32483 -45.0175 -0.018634
-1.29237 -45.0222 -0.0204396
-0.287833 -45.0839 -0.00297299
0.75342 -45.0926 -0.00270754
1.72659 -45.0745 -0.00984032
2.72093 -45.0738 -0.0318029
3.73182 -45.1073 -0.0202137
4.7823 -45.132 -0.0117802
5.77666 -45.1522 -0.0259287
6.79229 -45.1605 -0.0112988
7.7841 -45.1919 -0.00773758
8.78558 -45.1699 -0.00960759
9.76368 -45.1909 -0.00838618
10.7545 -45.193 0.00613771
11.7682 -45.171 0.0101534
12.7375 -45.1795 0.0157458
13.7418 -45.1581 0.00801629
14.7532 -45.1802 0.00356899
15.744 -45.1798 0.00490944
16.745 -45.1725 -0.0038689
17.7634 -45.1958 -0.00265993
18.7629 -45.2165 -0.00653335
19.7452 -45.2126 0.00268027
20.7555 -45.1981 0.012769
21.7653 -45.1988 0.00603714
22.7646 -45.2173 -0.00611013
23.739 -45.2175 0.00390273
24.764 -45.2321 0.00856505
24.7545 -46.2592 -1.56512
24.7493 -47.2687 -1.55879
24.7707 -48.3268 -1.55709
24.7792 -49.3046 -1.56694
24.7611 -50.3001 -1.56408
25.7508 -50.32 0.00747049
26.7578 -50.3183 -0.00512569
27.7667 -50.34 -0.00167719
28.8053 -50.3356 -0.010779
29.8201 -50.3595 -0.0148436
30.826 -50.3833 -0.0117287
31.8337 -50.4018 0.008165
32.8226 -50.4045 0.0119369
33.8328 -50.3996 0.0111714
34.8411 -50.3664 0.0108099
35.831 -50.3769 0.00258385
36.8798 -50.3838 -0.00310694
37.8838 -50.3756 -0.00252341
38.8633 -50.368 0.00407028
39.8646 -50.384 -0.0026642
40.8961 -50.3768 0.0106325
41.8992 -50.3935 0.00876417
42.8523 -50.3914 -0.00267338
43.8446 -50.4045 -0.0150884
44.8092 -50.4119 -0.0125376
45.8454 -50.4268 -0.0107423
46.8451 -50.4198 -0.00464782
47.8276 -50.4179 -0.00646217
48.8323 -50.428 -0.00680685
49.8289 -50.4357 -0.00519834
49.8618 -49.4485 1.5577
49.8504 -48.4324 1.55961
49.8817 -47.4431 1.57276
49.9015 -46.4465 1.58101
49.9035 -45.433 1.58689
49.8708 -44.447 1.58434
49.8661 -43.4693 1.58942
49.8841 -42.4904 1.58595
49.8731 -41.5057 1.57867
49.8595 -40.5217 1.56407
49.8728 -39.5048 1.56775
49.8794 -38.4897 1.56538
49.8671 -37.4871 1.56569
49.8794 -36.4831 1.56132
49.9048 -35.4912 1.56726
49.9218 -34.5266 1.58304
49.927 -33.5148 1.57085
49.9705 -32.5182 1.57978
49.953 -31.5484 1.56585
49.9504 -30.5135 1.57156
49.9362 -29.5335 1.56945
49.9512 -28.5233 1.56405
49.9426 -27.508 1.57274
49.9372 -26.5151 1.57101
49.9642 -25.5211 1.56508
49.9627 -24.5331 1.56571
49.9479 -23.5491 1.57214
49.953 -22.5186 1.56237
49.9518 -21.5094 1.5701
49.9433 -20.5176 1.57433
49.9285 -19.5071 1.59615
49.9353 -18.5098 1.57685
49.9441 -17.5244 1.5751
49.9357 -16.5229 1.58234
49.9348 -15.5277 1.5729
49.9313 -14.5111 1.56795
49.9043 -13.5154 1.57366
49.9047 -12.5275 1.57145
49.9282 -11.5187 1.57397
49.9196 -10.5068 1.56599
49.9234 -9.5051 1.5702
49.9345 -8.51944 1.57591
49.9395 -7.51384 1.56063
49.9272 -6.54143 1.56425
49.9557 -5.55283 1.56968
49.9381 -4.53572 1.56081
49.9393 -3.51543 1.56684
49.9661 -2.51592 1.56681
49.9499 -1.51702 1.57225
49.963 -0.541748 1.58024
48.9341 -0.550317 3.13892
47.9462 -0.519422 3.14049
46.9514 -0.52641 3.1394
45.9427 -0.52097 3.13149
44.9535 -0.528641 3.13418
43.9366 -0.50978 3.13028
42.9242 -0.520754 3.13193
41.9375 -0.535505 3.12288
40.9554 -0.540317 3.13883
39.9494 -0.543922 3.13882
38.9209 -0.554451 3.12331
37.9423 -0.550625 3.13556
36.9549 -0.524696 3.12504
35.9372 -0.521195 3.12429
34.9216 -0.520064 3.13118
33.912 -0.512306 -3.13985
32.8697 -0.520914 3.13988
31.8926 -0.544759 -3.1397
30.8948 -0.538021 3.13839
29.8911 -0.534654 3.12749
28.9146 -0.530162 3.11655
27.9036 -0.468065 3.10381
26.9176 -0.394473 3.11655
25.9434 -0.352518 3.12588
24.9373 -0.338462 3.12978
23.9581 -0.344532 3.13307
22.9525 -0.309247 -3.13726
21.9553 -0.304112 3.13695
20.9516 -0.299723 3.12724
19.9658 -0.292096 3.13451
18.9354 -0.298381 3.13453
17.9415 -0.289002 -3.13937
16.9423 -0.288362 -3.13818
15.9618 -0.275427 3.13702
14.9379 -0.272584 3.12442
14.9668 0.715832 1.55474
14.9916 1.74133 1.57056
14.9767 2.72089 1.57392
15.0028 3.7154 1.57647
14.984 4.72198 1.57989
14.9949 5.72449 1.57626
14.9544 6.71693 1.56955
14.9362 7.71466 1.56229
14.9776 8.74188 1.5726
14.9627 9.73539 1.58394
14.9392 10.6963 1.60697
14.9184 11.6894 1.6115
14.9008 12.6617 1.60643
14.8856 13.6495 1.62384
14.8467 14.6534 1.61667
14.781 15.6638 1.62602
14.6805 16.6815 1.64984
14.5933 17.6879 1.65517
14.5231 18.6758 1.65016
14.4214 19.656 1.6537
14.3343 20.6292 1.65059
14.2801 21.6436 1.63954
14.2331 22.6089 1.63251
14.1702 23.6184 1.62506
14.1549 24.6218 1.62487
15.1444 24.6836 0.0379673
16.1515 24.7224 0.0511355
17.1377 24.7395 0.0468147
18.1544 24.7406 0.038644
19.1618 24.785 0.0389732
20.1837 24.8584 0.0375761
21.1596 24.881 0.0283779
22.134 24.8999 0.0405214
23.159 24.978 0.0521583
24.1351 24.9945 0.0363141
25.1548 24.9655 0.0393896
26.1698 25 0.0355582
27.1801 25.0057 0.0356609
28.145 25.0211 0.0136598
29.2057 25.0109 0.0195232
30.2459 25.0269 0.0199608
31.3254 25 0.00770705
32.5226 24.869 -0.0228199
33.7159 24.7054 -0.030982
34.9111 24.5471 -0.0241804
35.9674 24.5157 -0.0110311
36.949 24.5119 -0.0107181
