4.0056e-08 6.89365e-08 1.4672e-06
0.978802 -0.00705589 0.0389129
1.98138 0.0558855 0.0470225
2.99746 0.119334 0.0639703
4.00061 0.188993 0.065454
5.06247 0.218083 0.0720275
6.0819 0.288616 0.0759909
7.09114 0.389481 0.0806394
8.1055 0.451548 0.0907064
9.09477 0.540052 0.0895771
10.1074 0.654645 0.105655
11.1024 0.754844 0.130593
12.0997 0.877954 0.150373
13.1279 1.0241 0.164124
14.1157 1.17691 0.155927
15.1367 1.32604 0.154288
16.1368 1.48873 0.161359
17.1311 1.67203 0.160939
18.127 1.82148 0.148169
19.1151 1.99362 0.134359
20.124 2.10514 0.111104
21.1271 2.23586 0.0986146
22.1366 2.33193 0.1059
23.1613 2.42422 0.104057
24.1676 2.54247 0.0959448
25.1741 2.66604 0.109189
24.1659 2.58935 -3.03029
23.1479 2.44227 -3.03708
22.1489 2.32307 -3.04324
21.1193 2.2223 -3.02975
20.1173 2.13069 -3.03045
19.9947 3.12319 1.68844
19.8615 4.13092 1.69336
19.7029 5.14076 1.6776
19.629 6.16935 1.67456
19.5453 7.22101 1.66914
20.5717 7.31393 0.102391
21.5775 7.40398 0.0964748
22.5897 7.50003 0.10369
23.6099 7.6137 0.102965
24.6083 7.71503 0.123006
25.6019 7.83689 0.130313
26.6146 7.98218 0.121927
27.6487 8.08355 0.125951
28.6216 8.23753 0.120959
29.61 8.36812 0.10659
30.5761 8.48489 0.102349
31.5743 8.58725 0.105384
32.5666 8.71732 0.0842098
33.5738 8.79346 0.0697552
34.5459 8.84456 0.0710492
35.5536 8.90571 0.0663303
36.5634 9.00706 0.0774322
37.5988 9.10639 0.0822028
38.6202 9.16002 0.0756173
39.6143 9.2419 0.081872
40.6238 9.33187 0.0923594
41.6297 9.41888 0.0872549
42.6293 9.47887 0.0713683
43.6458 9.56039 0.0691708
44.6573 9.62636 0.0596798
45.6431 9.68845 0.0604297
46.6271 9.74353 0.0581958
47.6344 9.82096 0.0759172
48.624 9.8878 0.0793488
49.6511 9.91903 0.0810599
49.568 10.9315 1.65548
49.5118 11.9271 1.64257
49.4384 12.912 1.64355
49.3756 13.9031 1.62899
49.2885 14.8837 1.62375
49.2105 15.8645 1.62632
49.1705 16.8279 1.63318
49.1442 17.8523 1.63362
49.0938 18.8582 1.63954
49.0143 19.8488 1.63054
48.9404 20.874 1.64416
48.9019 21.846 1.64328
48.8324 22.8588 1.63276
48.76 23.8567 1.65106
48.6994 24.8434 1.65018
48.6396 25.8538 1.65021
48.5708 26.8392 1.64121
48.4708 27.8572 1.63676
48.3934 28.8462 1.63062
48.368 29.8335 1.62718
48.3216 30.8458 1.62186
48.2502 31.8545 1.61792
48.2144 32.865 1.61564
48.1683 33.8663 1.60984
48.1427 34.8401 1.5945
47.1404 34.8082 -3.10639
46.1376 34.8048 -3.09501
45.1297 34.7556 -3.09317
44.1358 34.7045 -3.09985
43.1362 34.667 -3.09686
43.0922 35.6594 1.61346
43.0482 36.6373 1.62326
43.0002 37.6495 1.61725
42.9726 38.662 1.60662
42.9478 39.6428 1.63394
42.9005 40.6573 1.62332
42.8245 41.6748 1.62989
42.7551 42.6734 1.62405
42.716 43.6527 1.6188
42.6662 44.6861 1.62632
42.6149 45.7031 1.62907
42.5408 46.6954 1.63266
42.4079 47.6872 1.63435
42.3073 48.6515 1.64054
42.2235 49.6917 1.64192
42.1268 50.7351 1.64189
42.0305 51.7464 1.65238
41.9817 52.7779 1.65948
41.9061 53.766 1.64963
41.8516 54.7569 1.6523
40.8724 54.6832 -3.06735
39.8609 54.618 -3.06718
38.8348 54.5527 -3.05331
37.837 54.4501 -3.05781
36.8276 54.3972 -3.06134
36.9133 53.3745 -1.4903
36.9846 52.3557 -1.4921
37.0671 51.3517 -1.49756
37.1467 50.3547 -1.47762
37.2251 49.3376 -1.48964
37.2798 48.3561 -1.50107
37.355 47.3746 -1.50522
37.4233 46.3822 -1.50814
37.5007 45.369 -1.49925
37.613 44.3613 -1.49623
38.628 44.3981 0.0697908
39.631 44.4835 0.0736682
40.6714 44.5675 0.0654648
41.6441 44.5993 0.0547708
42.6464 44.6645 0.0494005
42.7053 43.6599 -1.51306
42.7785 42.669 -1.50683
42.832 41.6699 -1.51123
42.8845 40.6701 -1.50652
42.8871 39.6149 -1.50741
42.9697 38.6258 -1.50971
43.0639 37.6157 -1.51273
43.0956 36.6508 -1.51883
43.1522 35.6468 -1.52504
43.1448 34.6463 -1.52997
43.1732 33.6601 -1.52765
43.2278 32.672 -1.52826
43.278 31.6514 -1.52579
43.3155 30.6797 -1.51915
43.3501 29.6777 -1.51207
42.3513 29.6084 -3.08032
41.3537 29.5785 -3.09511
40.381 29.5075 -3.09059
39.3688 29.4452 -3.09747
38.3614 29.4076 -3.11375
37.3803 29.4121 -3.1061
36.3648 29.3378 -3.10821
35.341 29.3047 -3.11338
34.3046 29.2711 -3.10703
33.3023 29.2502 -3.10498
32.2905 29.2105 -3.09079
31.2735 29.1806 -3.07999
30.2276 29.1705 -3.08039
29.2062 29.1032 -3.08244
28.1967 29.0409 -3.07977
27.1638 28.976 -3.06441
26.1777 28.8966 -3.07658
25.2052 28.8613 -3.06911
24.176 28.7888 -3.06965
23.1708 28.7292 -3.07191
23.1155 29.6964 1.63539
23.0351 30.7213 1.64088
22.975 31.7377 1.64656
22.8903 32.7375 1.64082
22.8337 33.7257 1.6433
22.7637 34.7331 1.64688
22.7105 35.7508 1.63925
22.6588 36.7201 1.65072
22.5804 37.7381 1.64556
22.4856 38.7449 1.64484
22.4125 39.7383 1.66965
22.3435 40.7437 1.66772
22.2615 41.7278 1.66301
22.171 42.7183 1.65883
22.0974 43.7369 1.65307
21.9759 44.72 1.66105
21.8965 45.6884 1.66331
21.7822 46.6881 1.66338
21.6825 47.6852 1.67519
21.584 48.6961 1.69178
21.4504 49.6895 1.70111
21.3275 50.6828 1.6973
21.168 51.6499 1.70283
21.0559 52.6084 1.68687
20.9419 53.5963 1.6725
19.945 53.4864 -3.0332
18.9549 53.3811 -3.04468
17.9734 53.2427 -3.0509
16.9594 53.1551 -3.06065
15.9834 53.0591 -3.08189
14.9636 52.9894 -3.08058
13.9757 52.9121 -3.08388
12.9672 52.8586 -3.08121
11.9359 52.8181 -3.07324
10.9579 52.7856 -3.08522
9.94042 52.707 -3.08769
8.96454 52.6804 -3.09372
7.94485 52.6171 -3.09746
6.93497 52.6139 -3.11543
5.93098 52.5623 -3.11433
4.92561 52.5141 -3.10129
3.94339 52.4813 -3.10167
2.95802 52.4614 -3.06839
1.97153 52.4108 -3.06877
0.957568 52.3148 -3.06894
-0.0303574 52.2564 -3.07272
-1.03749 52.1684 -3.07631
-2.03044 52.1236 -3.09055
-3.02997 52.0589 -3.09945
-4.05657 52.0288 -3.10943
-5.06656 52.0097 -3.09653
-6.06103 51.9775 -3.08051
-7.05557 51.9191 -3.08593
-8.03427 51.8943 -3.08657
-9.01816 51.8174 -3.08479
-10.0191 51.7865 -3.08237
-11.05 51.7143 -3.0634
-12.0569 51.6651 -3.0479
-13.0471 51.5823 -3.06236
-14.0415 51.5026 -3.06778
-15.0349 51.4216 -3.0649
-16.0117 51.3469 -3.06973
-16.9879 51.3087 -3.0815
-17.9945 51.2371 -3.08467
-19.0096 51.12 -3.09392
-20.0205 51.0716 -3.08367
-21.045 51.0331 -3.07551
-22.0407 50.9573 -3.07417
-23.0436 50.9216 -3.08562
-24.044 50.8329 -3.07719
-25.0641 50.7765 -3.08039
-26.055 50.7021 -3.09337
-27.0909 50.6488 -3.08172
-28.0881 50.6516 -3.07667
-29.0888 50.5778 -3.07273
-30.0883 50.4921 -3.07027
-31.0954 50.4226 -3.07396
-32.0802 50.3567 -3.07658
-33.1044 50.3198 -3.06684
-34.0904 50.2393 -3.06948
-35.0853 50.172 -3.06229
-36.0959 50.0952 -3.05591
-37.1018 50.0089 -3.06388
-38.0899 49.9485 -3.06688
-39.1026 49.8215 -3.06507
-40.107 49.7879 -3.06891
-41.1117 49.715 -3.08105
-42.1195 49.6662 -3.07357
-43.1185 49.621 -3.06572
-44.0916 49.5679 -3.05897
-45.1015 49.5168 -3.0651
-46.0968 49.4213 -3.09316
-47.0995 49.3778 -3.08153
-48.0963 49.3192 -3.07742
-49.0651 49.2656 -3.07979
-50.0279 49.1936 -3.08156
-51.0568 49.1379 -3.08798
-52.0484 49.0842 -3.08999
-53.0614 49.0237 -3.08588
-54.0932 48.9855 -3.08365
-54.038 47.9761 -1.50857
-53.9839 46.9425 -1.50553
-53.896 45.9148 -1.51749
-53.8423 44.9222 -1.51722
-53.7763 43.9068 -1.51294
-53.7247 42.8966 -1.50703
-53.6672 41.8952 -1.51026
-53.6164 40.8789 -1.50662
-53.5437 39.8919 -1.50836
-53.4758 38.8948 -1.5147
-53.412 37.8833 -1.50857
-53.3572 36.8913 -1.50838
-53.3218 35.889 -1.5158
-53.2521 34.9041 -1.50365
-53.165 33.8954 -1.49767
-53.0712 32.914 -1.49014
-53.0196 31.9211 -1.49283
-52.9561 30.9007 -1.49991
-52.8838 29.8893 -1.48511
-52.7875 28.9032 -1.47786
-52.6821 27.9052 -1.48731
-52.6168 26.8804 -1.48554
-52.5347 25.8966 -1.4748
-52.4169 24.9057 -1.48104
-52.3408 23.9084 -1.4796
-52.256 22.9095 -1.48057
-52.1455 21.8944 -1.48422
-52.0273 20.8959 -1.4873
-51.9338 19.9199 -1.4859
-51.848 18.9094 -1.48322
-51.752 17.8945 -1.4936
-51.6789 16.9152 -1.4939
-51.5953 15.9109 -1.48541
-51.5062 14.9179 -1.47163
-51.3919 13.9089 -1.4756
-50.3944 13.9936 0.0959085
-49.4134 14.0751 0.10492
-48.4166 14.1643 0.0973784
-47.4268 14.2851 0.0999331
-46.4343 14.3922 0.0750576
-45.4339 14.4612 0.0925673
-44.4331 14.5297 0.082477
-43.4265 14.6026 0.069807
-42.4255 14.6751 0.0616243
-41.4229 14.7386 0.0546594
-40.4231 14.7946 0.0423266
-39.4077 14.836 0.0422108
-38.3971 14.8805 0.0467682
-37.4398 14.9392 0.0603343
-36.4246 15.0113 0.0676406
-35.4074 15.1239 0.0672761
-34.4171 15.1602 0.0797423
-33.4485 15.2512 0.0953315
-32.4556 15.3324 0.109882
-31.4678 15.419 0.0936804
-30.4594 15.4964 0.0949937
-29.4516 15.6504 0.0825172
-28.4327 15.74 0.0814982
-27.4428 15.8134 0.0732716
-26.4518 15.879 0.067101
-25.4474 15.9069 0.0724264
-24.4331 15.9879 0.0755167
-23.4404 16.0923 0.0658567
-22.4405 16.1593 0.0578567
-21.4488 16.2159 0.0541369
-20.4582 16.2134 0.0674342
-19.4595 16.2603 0.0603899
-18.4519 16.2957 0.0500463
-17.4507 16.3259 0.0487909
-16.4207 16.3955 0.0580574
-15.4301 16.4222 0.065909
-14.4087 16.4802 0.0720318
-13.408 16.5546 0.05389
-12.4051 16.5889 0.0671408
-11.4122 16.6908 0.0768342
-10.4127 16.7898 0.0693907
-9.39997 16.8886 0.0640294
-8.43163 16.9833 0.0725353
-7.4462 17.0448 0.0615409
-6.44339 17.0565 0.0610374
-6.50316 18.0685 1.62762
-6.52299 19.0849 1.61827
-6.5721 20.0559 1.62519
-6.6419 21.0353 1.62174
-6.70832 22.0254 1.63762
-6.7541 23.0127 1.64897
-6.79728 24.0211 1.6408
-6.90189 25.0102 1.62987
-6.94222 25.9879 1.62233
-6.9972 27.0086 1.61923
-7.01615 28.0094 1.63126
-7.07316 29.021 1.61732
-7.12224 30.0111 1.62834
-7.22297 31.0234 1.65087
-7.30646 32.0584 1.66575
-7.41924 33.0663 1.65082
-7.51105 34.0792 1.65798
-7.61541 35.0835 1.66313
-7.71255 36.0482 1.66253
-7.82495 37.0428 1.69622
-7.94812 38.0296 1.68862
-8.09071 39.0406 1.69102
-8.21563 40.0304 1.69318
-8.32147 41.0014 1.70046
-8.43697 41.9457 1.69731
-8.56862 42.9131 1.65851
-8.62577 43.9218 1.64764
-8.65885 44.9344 1.65044
-8.73225 45.9268 1.62908
-8.75458 46.9067 1.63041
-8.8078 47.8856 1.63604
-8.87845 48.907 1.62529
-8.91638 49.8914 1.62731
-8.9789 50.8687 1.62294
-9.02922 51.8609 1.62752
-10.043 51.7832 -3.07894
-11.0314 51.7315 -3.08766
-12.0408 51.6529 -3.08509
-13.0603 51.5851 -3.06482
-14.0366 51.5093 -3.06427
-15.0223 51.4164 -3.07162
-16.0326 51.3513 -3.07292
-17.0206 51.2991 -3.06594
-18.0297 51.1998 -3.06542
-19.0444 51.1389 -3.07168
-20.036 51.0901 -3.08089
-21.0417 51.0089 -3.07503
-22.0163 50.9527 -3.08016
-23.0375 50.8966 -3.07901
-24.0388 50.8245 -3.08544
-25.0469 50.7417 -3.0793
-26.0499 50.6829 -3.08378
-27.0863 50.6216 -3.08389
-28.0861 50.5827 -3.08346
-29.0722 50.5242 -3.08982
-30.0733 50.4999 -3.08063
-31.0888 50.4517 -3.06937
-32.1005 50.3807 -3.06416
-33.1058 50.3063 -3.0618
-34.0769 50.2412 -3.0564
-35.0655 50.1592 -3.05245
-36.0247 50.0747 -3.06019
-37.03 49.9929 -3.05981
-38.0217 49.8702 -3.06406
-39.0447 49.8184 -3.06173
-40.048 49.7605 -3.0758
-41.0626 49.6983 -3.07873
-42.0769 49.6325 -3.09355
-43.0757 49.5729 -3.09645
-44.08 49.5252 -3.07217
-45.0929 49.4679 -3.07589
-46.0723 49.4299 -3.07233
-47.0896 49.3741 -3.07495
-48.0971 49.3195 -3.08335
-49.0801 49.2519 -3.07647
-50.0787 49.1924 -3.08572
-51.0728 49.1239 -3.10366
-52.0888 49.092 -3.08565
-53.0799 49.0322 -3.07812
-54.065 48.9528 -3.08038
-54.0309 47.9177 -1.50208
-53.9715 46.9163 -1.50324
-53.9117 45.9066 -1.50405
-53.8467 44.8953 -1.50488
-53.792 43.9146 -1.51084
-53.7416 42.9052 -1.51023
-53.6571 41.8939 -1.50848
-53.5846 40.8993 -1.50824
-53.5379 39.8875 -1.50835
-53.4825 38.884 -1.51218
-53.4179 37.8653 -1.50289
-53.3608 36.8489 -1.50181
-53.2833 35.8747 -1.49632
-53.2166 34.9072 -1.49686
-53.185 33.9233 -1.49661
-53.1068 32.9032 -1.5046
-53.0469 31.9161 -1.4953
-52.9727 30.9135 -1.48606
-52.8668 29.926 -1.48446
-52.7787 28.8962 -1.48743
-52.6722 27.9243 -1.48652
-52.6199 26.9424 -1.49583
-52.5262 25.9261 -1.48305
-52.4288 24.9035 -1.48213
-52.3003 23.8964 -1.48911
-52.2023 22.8785 -1.48918
-52.1059 21.8804 -1.47265
-52.0138 20.8931 -1.48528
-51.924 19.8967 -1.49313
-51.8495 18.9035 -1.48774
-51.7641 17.8993 -1.49202
-51.6625 16.9076 -1.48908
-51.6057 15.9371 -1.48258
-51.5117 14.8994 -1.48951
-51.4027 13.9129 -1.48225
-51.2785 12.8964 -1.46642
-51.1668 11.8823 -1.45289
-51.0588 10.8761 -1.4493
-50.9602 9.86913 -1.46438
-50.903 8.90696 -1.46532
-50.8029 7.90364 -1.45818
-50.6988 6.87142 -1.46748
-50.594 5.90245 -1.47415
-50.5018 4.92673 -1.46293
-50.3806 3.9474 -1.48249
-50.2778 2.95457 -1.48744
-50.1808 1.97415 -1.4948
-50.107 1.01098 -1.48758
-49.9992 0.0153135 -1.48952
-49.9044 -0.941586 -1.48068
-49.8069 -1.96388 -1.49245
-49.7256 -3.00876 -1.49057
-49.6712 -4.00613 -1.49171
-49.5788 -5.02475 -1.49329
-49.4951 -6.03872 -1.49359
-49.377 -7.0227 -1.48546
-49.3413 -8.0368 -1.49233
-49.2913 -9.05678 -1.49407
-49.1882 -10.0403 -1.49651
-49.1102 -11.022 -1.49302
-49.0295 -12.044 -1.48052
-48.9678 -13.0311 -1.47936
-48.8891 -14.0285 -1.46896
-48.7533 -15.0445 -1.473
-48.6461 -16.0355 -1.47334
-48.5822 -17.0293 -1.47693
-48.514 -18.0682 -1.49853
-48.4393 -19.0567 -1.51159
-48.3414 -20.0549 -1.50964
-48.3028 -21.1023 -1.49498
-48.2102 -22.097 -1.51355
-48.1981 -23.0957 -1.49952
-48.1666 -24.0751 -1.50586
-48.0956 -25.0959 -1.48874
-47.999 -26.0664 -1.48325
-47.9156 -27.0594 -1.48667
-47.8151 -28.0679 -1.48705
-47.7448 -29.066 -1.49232
-47.6508 -30.0673 -1.4958
-47.5681 -31.0634 -1.4925
-47.5121 -32.0879 -1.48736
-47.4273 -33.0809 -1.49322
-47.3424 -34.0731 -1.50831
-47.2743 -35.0921 -1.51119
-47.1911 -36.1147 -1.49229
-47.118 -37.1339 -1.48257
-47.0365 -38.1211 -1.46443
-46.9529 -39.1047 -1.47378
-46.8386 -40.1254 -1.47857
-46.7643 -41.1034 -1.48452
-46.6568 -42.119 -1.48514
-46.5685 -43.1249 -1.4824
-46.4868 -44.1273 -1.49129
-46.3716 -45.1423 -1.49425
-46.3033 -46.1347 -1.48192
-46.2349 -47.15 -1.46717
-46.1578 -48.1675 -1.47728
-46.0623 -49.1808 -1.4847
-45.9636 -50.153 -1.47538
-45.8826 -51.1581 -1.47766
-44.8916 -51.0429 0.0859973
-43.8776 -50.9189 0.0939415
-42.9105 -50.8156 0.0861977
-41.9192 -50.7457 0.0845785
-40.9366 -50.6586 0.090627
-39.9277 -50.5472 0.0840034
-38.917 -50.4758 0.0788612
-37.9134 -50.4306 0.0871403
-36.9196 -50.307 0.107142
-35.9465 -50.2044 0.101777
-34.9406 -50.0816 0.0925344
-33.9146 -49.9621 0.103519
-32.8888 -49.8926 0.0928353
-31.9156 -49.7737 0.110093
-30.9128 -49.661 0.0980665
-29.9295 -49.5558 0.0980314
-28.9532 -49.4566 0.0962572
-27.9398 -49.3174 0.104955
-26.9557 -49.2235 0.0907277
-25.9675 -49.1203 0.105727
-25.8293 -50.1231 -1.45596
-25.6876 -51.0972 -1.45697
-25.5794 -52.0909 -1.46962
-25.5388 -53.1005 -1.49039
-25.4549 -54.1161 -1.4985
-24.4102 -54.0744 0.0725221
-23.4149 -53.971 0.0685985
-22.4112 -53.9543 0.0797839
-21.3719 -53.8659 0.0630788
-20.3787 -53.7888 0.0690333
-19.3689 -53.7207 0.0707443
-18.4064 -53.6374 0.0706482
-17.3882 -53.5529 0.0823846
-16.408 -53.4378 0.0789431
-15.3784 -53.3692 0.0675499
-14.3628 -53.3249 0.0685709
-13.3628 -53.2627 0.0632315
-12.3838 -53.2064 0.0516426
-11.386 -53.1678 0.0467141
-10.3994 -53.1155 0.049483
-9.40468 -53.0721 0.0564833
-8.44328 -53.0206 0.0606431
-7.41345 -52.9302 0.0513376
-6.41107 -52.9007 0.0572602
-5.41179 -52.8328 0.0718705
-4.35958 -52.783 0.0945348
-3.39156 -52.7101 0.0992689
-2.39706 -52.6473 0.0823574
-1.37085 -52.5544 0.0774746
-0.396884 -52.4649 0.0880137
0.602192 -52.398 0.0931212
1.58573 -52.3218 0.110594
2.57877 -52.2198 0.102331
3.5549 -52.1618 0.0907701
4.54632 -52.0431 0.100267
5.51475 -51.9154 0.0988315
6.51323 -51.8358 0.105094
7.53109 -51.7459 0.0976499
8.50309 -51.6386 0.0890669
9.54472 -51.578 0.0931462
10.5802 -51.4959 0.0786319
11.6118 -51.3789 0.0689874
12.5667 -51.3284 0.0828755
13.5829 -51.251 0.0846651
14.606 -51.1827 0.0737522
15.6112 -51.0786 0.085875
16.6359 -50.9758 0.0700786
17.6361 -50.9167 0.0894976
18.6511 -50.8353 0.0803571
19.6467 -50.7598 0.0803093
20.6374 -50.6965 0.071948
21.6642 -50.6254 0.0724501
22.6496 -50.5259 0.0643991
23.6446 -50.4638 0.0586026
24.6414 -50.399 0.0612996
25.6209 -50.3258 0.0450633
26.6093 -50.2631 0.0353615
27.6309 -50.2087 0.0371841
28.6432 -50.1995 0.0328226
29.6496 -50.132 0.0274737
30.6454 -50.1034 0.022385
31.6515 -50.0444 0.0143287
32.6477 -50.037 0.0330775
33.6461 -50.0404 0.0231253
34.6597 -49.9767 0.0120416
35.6148 -49.93 0.00909637
36.6136 -49.9285 -0.0024028
37.6341 -49.9138 -0.026712
38.6468 -49.9287 -0.0272953
39.7118 -49.9156 -0.0194699
40.7384 -49.9684 -0.011941
41.738 -49.948 -0.00403191
42.7464 -49.947 -0.00118789
43.7274 -49.9539 -0.000760839
44.707 -49.9324 0.0116345
45.7216 -49.9199 0.0223738
46.7084 -49.9178 0.0231462
47.7014 -49.9316 0.0169536
48.6797 -49.9358 0.010057
49.6893 -49.9286 0.0253914
50.6684 -49.8966 0.0238881
51.6622 -49.8381 0.0314134
52.6717 -49.7741 0.021449
53.6467 -49.718 0.0329402
54.6356 -49.6855 0.0387107
54.5876 -48.684 1.62227
54.527 -47.6643 1.62258
54.4646 -46.6477 1.59995
54.4471 -45.6124 1.60061
54.4349 -44.581 1.60781
54.4311 -43.5899 1.61635
54.379 -42.561 1.63135
54.3347 -41.5371 1.6427
54.2491 -40.5426 1.65826
54.1729 -39.5413 1.66515
54.0671 -38.5326 1.6818
53.9391 -37.5952 1.67454
53.8434 -36.5915 1.67666
53.7567 -35.609 1.66144
53.6771 -34.6165 1.64581
53.6448 -33.6 1.63548
53.5755 -32.5989 1.61741
53.5473 -31.6005 1.64096
53.4794 -30.6017 1.63583
53.4202 -29.6301 1.64091
53.3225 -28.5741 1.6409
53.2669 -27.5617 1.62601
53.189 -26.5839 1.62539
53.1574 -25.5652 1.60944
53.1182 -24.5693 1.61179
53.097 -23.5664 1.62907
53.0296 -22.5754 1.64093
52.9558 -21.5917 1.65545
52.8585 -20.5763 1.66412
52.7232 -19.5512 1.67265
52.6397 -18.5241 1.67169
52.5616 -17.518 1.67728
52.4283 -16.5423 1.6747
52.3311 -15.5534 1.67605
52.2357 -14.5658 1.67261
52.1349 -13.5502 1.69046
51.9843 -12.546 1.69421
51.8507 -11.5244 1.71392
51.6573 -10.5345 1.68646
51.5467 -9.53842 1.68636
51.4758 -8.55735 1.69808
51.3436 -7.54216 1.70485
51.1982 -6.56583 1.70739
51.0286 -5.54639 1.68343
50.9043 -4.5994 1.68026
50.8002 -3.60558 1.67525
50.6936 -2.64426 1.68944
50.6008 -1.6678 1.68353
50.4983 -0.695314 1.68213
50.3524 0.31059 1.67184
49.3764 0.198982 -3.04729
48.4081 0.076613 -3.04502
47.3955 -0.0371222 -3.05775
46.3896 -0.167096 -3.0454
45.3756 -0.262668 -3.05715
45.3398 0.729438 1.65439
45.247 1.71861 1.66614
45.1481 2.72199 1.6624
45.0663 3.6982 1.65316
44.979 4.68213 1.65415
44.8878 5.66005 1.65455
44.8292 6.63276 1.64909
44.7685 7.62992 1.63403
44.6972 8.6166 1.63816
44.6599 9.62422 1.63627
44.5791 10.6357 1.63947
44.5194 11.6373 1.63635
44.4574 12.6351 1.63311
44.4108 13.6371 1.63963
44.3203 14.6251 1.63049
44.2492 15.6239 1.62585
44.185 16.6144 1.62367
44.1094 17.6099 1.63756
44.0898 18.5756 1.63959
44.0585 19.5997 1.6422
43.9673 20.6484 1.63979
43.897 21.6538 1.64136
43.8555 22.6178 1.64269
43.8066 23.6202 1.64138
43.7477 24.6226 1.64231
43.6583 25.6297 1.63379
43.5868 26.6636 1.62427
43.5334 27.6894 1.6248
43.4739 28.65 1.62456
43.3804 29.6746 1.62915
43.3155 30.6636 1.62158
43.2811 31.688 1.61875
43.2394 32.6777 1.61316
43.2046 33.667 1.62125
43.1603 34.6556 1.62428
43.0978 35.668 1.61869
43.043 36.6573 1.6143
42.995 37.6605 1.61282
42.9722 38.6451 1.60176
42.9175 39.6564 1.60103
42.908 40.6801 1.59528
42.909 41.682 1.58921
42.8967 42.6913 1.59566
42.8796 43.7622 1.59488
42.8544 44.7368 1.6119
42.832 45.7316 1.61559
42.7541 46.7554 1.59765
42.7526 47.7566 1.59008
42.7742 48.7464 1.58811
42.7064 49.6969 1.59905
42.7073 50.6909 1.61525
42.6966 51.6986 1.60326
42.6684 52.6775 1.59741
42.6631 53.6587 1.61331
42.6557 54.6301 1.6023
43.6609 54.6306 0.0366144
44.6335 54.6886 0.0422223
45.6232 54.754 0.0303492
46.6192 54.7625 0.0299374
47.6159 54.8261 0.0280495
47.6412 53.8008 -1.53555
47.6385 52.8064 -1.54089
47.6751 51.7991 -1.54268
47.6735 50.8033 -1.55383
47.7008 49.8016 -1.57449
46.7353 49.7888 -3.13126
45.7211 49.7612 -3.12504
44.7656 49.7465 -3.10905
43.7478 49.7214 -3.12138
42.7403 49.689 -3.12545
42.7407 48.6759 -1.55681
42.7542 47.7088 -1.56778
42.8179 46.7156 -1.56977
42.8086 45.7573 -1.56197
42.8941 44.7591 -1.57726
42.9181 43.7514 -1.57676
42.9206 42.7979 -1.58382
42.9079 41.8151 -1.5777
42.8709 40.8107 -1.58147
42.8752 39.824 -1.58276
42.9006 38.7906 -1.57506
42.8671 37.7833 -1.55794
43.0218 36.7064 -1.54125
43.0797 35.6674 -1.53803
43.1228 34.651 -1.52354
42.1308 34.6034 -3.09626
41.1537 34.5737 -3.09363
40.1412 34.5177 -3.08666
39.1828 34.454 -3.10206
38.1832 34.4295 -3.1031
38.2249 33.4318 -1.55029
38.231 32.4087 -1.54249
38.282 31.4161 -1.53955
38.3379 30.39 -1.53473
38.3732 29.3951 -1.52713
38.4155 28.3898 -1.52306
38.4893 27.3469 -1.5342
38.5152 26.3573 -1.5296
38.5938 25.363 -1.52398
38.6587 24.3826 -1.50197
38.762 23.3336 -1.4997
38.8304 22.3465 -1.50082
38.873 21.3283 -1.49898
38.9391 20.2996 -1.51478
38.961 19.2908 -1.51038
39.0321 18.2291 -1.49651
39.0822 17.1978 -1.495
39.1395 16.1802 -1.50346
39.2282 15.1675 -1.48267
39.2782 14.1636 -1.49678
39.3233 13.1215 -1.52106
39.3733 12.0973 -1.50863
39.4461 11.0789 -1.49191
39.5262 10.0424 -1.48656
39.6141 9.02025 -1.49327
39.692 7.99387 -1.48883
39.7665 6.99964 -1.49436
39.8242 5.97978 -1.48854
39.8982 4.99062 -1.51372
39.9176 3.97295 -1.51292
38.8978 3.89205 -3.10063
37.9005 3.85332 -3.10786
36.8882 3.84426 -3.10541
35.8433 3.81347 -3.11203
34.8005 3.79591 -3.10301
34.8579 2.75095 -1.53405
34.9044 1.74871 -1.52767
34.9718 0.773559 -1.52404
35.0055 -0.290757 -1.53351
35.0571 -1.28016 -1.52647
35.1202 -2.29304 -1.51812
35.1744 -3.34236 -1.50992
35.2132 -4.33644 -1.50717
35.2567 -5.33875 -1.50301
35.3685 -6.35543 -1.50351
35.4405 -7.37923 -1.50769
35.5324 -8.3689 -1.49082
35.6128 -9.37738 -1.48574
