0.0008151531219482422
0.0008671283721923828
0.0008771419525146484
0.0008871555328369141
0.0008959770202636719
0.0009052753448486328
0.0009152889251708984
0.0009253025054931641
0.0009341239929199219
0.0009441375732421875
0.0009531974792480469
0.0009629726409912109
0.0009729862213134766
0.0009911060333251953
0.001001119613647461
0.0010120868682861328
0.0010230541229248047
0.0010333061218261719
0.0010433197021484375
0.001055002212524414
0.0010652542114257812
0.0010759830474853516
0.0010862350463867188
0.0010972023010253906
0.0011072158813476562
0.0011181831359863281
0.001129150390625
0.0011391639709472656
0.0011591911315917969
0.0011701583862304688
0.0015180110931396484
0.0015311241149902344
0.0015451908111572266
0.0015530586242675781
0.0015621185302734375
0.001569986343383789
0.0015780925750732422
0.0015878677368164062
0.001596212387084961
0.0016050338745117188
0.0016140937805175781
0.0016231536865234375
0.0016319751739501953
0.0016412734985351562
0.0016512870788574219
0.0016613006591796875
0.0016701221466064453
0.0016810894012451172
0.0016911029815673828
0.0017011165618896484
0.001711130142211914
0.0017211437225341797
0.0017299652099609375
0.001741170883178711
0.0017521381378173828
0.0017621517181396484
0.0017731189727783203
0.001783132553100586
0.0017940998077392578
0.0018041133880615234
0.0018150806427001953
0.0018260478973388672
0.001837015151977539
0.0018491744995117188
0.0018610954284667969
0.0018732547760009766
0.0018851757049560547
0.0018973350524902344
0.0019080638885498047
0.0019199848175048828
0.0019321441650390625
0.0019450187683105469
0.0019571781158447266
0.0019702911376953125
0.0019822120666503906
0.001993894577026367
0.002007007598876953
0.002022266387939453
0.0020380020141601562
0.0020520687103271484
0.0020651817321777344
0.0020782947540283203
0.002090930938720703
0.0021049976348876953
0.0021190643310546875
0.002132892608642578
0.002147197723388672
0.002161264419555664
0.0021741390228271484
0.002187013626098633
0.0022001266479492188
0.002214193344116211
0.0022280216217041016
0.0030388832092285156
0.0030641555786132812
0.003075122833251953
0.003113985061645508
0.0031232833862304688
0.003139019012451172
0.0031480789184570312
0.003158092498779297
0.0031669139862060547
0.0031762123107910156
0.003185272216796875
0.003195047378540039
0.0032091140747070312
0.0032181739807128906
0.0032281875610351562
0.0032372474670410156
0.0032570362091064453
0.003267049789428711
0.0032770633697509766
0.003287076950073242
0.003297090530395508
0.0033071041107177734
0.003317117691040039
0.003328084945678711
0.003340005874633789
0.0033500194549560547
0.0033609867095947266
0.0033719539642333984
0.003383159637451172
0.0033941268920898438
0.0034050941467285156
0.0034170150756835938
0.0034291744232177734
0.0034449100494384766
0.0034580230712890625
0.0034689903259277344
0.0034830570220947266
0.0034952163696289062
0.003509044647216797
0.003522157669067383
0.00428009033203125
0.004290103912353516
0.004308223724365234
0.004316091537475586
0.004769086837768555
0.004783153533935547
0.005091190338134766
0.0051021575927734375
0.005110025405883789
0.005118131637573242
0.005460262298583984
0.0054819583892822266
0.005815982818603516
0.005891084671020508
0.005975008010864258
0.006005048751831055
0.006093025207519531
0.006124973297119141
0.0061550140380859375
0.006185293197631836
0.007255077362060547
0.00727391242980957
0.007283926010131836
0.007293224334716797
0.007304191589355469
0.007313251495361328
0.007322072982788086
0.007333040237426758
0.007342100143432617
0.0073511600494384766
0.007360935211181641
0.007376194000244141
0.0073871612548828125
0.007396221160888672
0.007405996322631836
0.0074160099029541016
0.007425069808959961
0.0074350833892822266
0.007445096969604492
0.0074541568756103516
0.007467031478881836
0.0074770450592041016
0.007487058639526367
0.007497310638427734
0.007508277893066406
0.0075190067291259766
0.0075299739837646484
0.0075740814208984375
0.007586002349853516
0.007598161697387695
0.007609128952026367
0.007621049880981445
0.007633209228515625
0.007644176483154297
0.007656097412109375
0.007668018341064453
0.007682085037231445
0.007695198059082031
0.007708072662353516
0.0077211856842041016
0.007734060287475586
0.007747173309326172
0.007761240005493164
0.0077741146087646484
0.007790088653564453
0.007804155349731445
0.007817983627319336
0.007832050323486328
0.00784611701965332
0.007859945297241211
0.00787496566772461
0.00789022445678711
0.007905960083007812
0.007921218872070312
0.00793600082397461
0.007951021194458008
0.007966279983520508
0.007981061935424805
0.007996082305908203
0.008011102676391602
0.008027076721191406
0.008042097091674805
0.00805807113647461
0.00807332992553711
0.008089065551757812
0.008105278015136719
0.008121013641357422
0.008137226104736328
0.008156061172485352
0.008172988891601562
0.008190155029296875
0.008207082748413086
0.008224010467529297
0.00824117660522461
0.008259057998657227
0.008276224136352539
0.00829315185546875
0.008311033248901367
0.00832819938659668
0.008346080780029297
0.008365154266357422
0.008383989334106445
0.008402109146118164
0.008421182632446289
0.008442163467407227
0.008462190628051758
0.008481025695800781
0.008500099182128906
0.008520126342773438
0.008543014526367188
0.008563995361328125
0.008584260940551758
0.008605241775512695
0.008626222610473633
0.008646249771118164
0.008667230606079102
0.008688211441040039
0.008709192276000977
0.008730173110961914
0.008751153945922852
0.008773088455200195
0.008794069290161133
0.008817195892333984
0.008839130401611328
0.008862972259521484
0.008888006210327148
0.008912086486816406
0.008935213088989258
0.00895833969116211
0.008980989456176758
0.00900721549987793
0.00903010368347168
0.009054183959960938
0.009077072143554688
0.009102106094360352
0.009125232696533203
0.009150266647338867
0.00917506217956543
0.009200096130371094
0.009225130081176758
0.009250164031982422
0.009275197982788086
0.00930023193359375
0.009325027465820312
0.009351253509521484
0.00937795639038086
0.009404182434082031
0.009455204010009766
0.009483098983764648
0.009508132934570312
0.009540081024169922
0.009566307067871094
0.009594202041625977
0.009620904922485352
0.009649276733398438
0.009678125381469727
0.009707927703857422
0.009737253189086914
0.009767293930053711
0.009798049926757812
0.009829044342041016
0.009858131408691406
0.009897232055664062
0.009928226470947266
0.009958267211914062
0.009989023208618164
0.010021209716796875
0.010052204132080078
0.010083198547363281
0.01011514663696289
0.010146141052246094
0.010178089141845703
0.010250091552734375
0.010308027267456055
0.010344266891479492
0.01037907600402832
0.010413169860839844
0.01044607162475586
0.010480165481567383
0.010513067245483398
0.010546207427978516
0.010877132415771484
0.010909080505371094
0.010942220687866211
0.010977983474731445
0.011012077331542969
0.013174057006835938
0.013221025466918945
0.013233184814453125
0.013242006301879883
0.013252019882202148
0.013262033462524414
0.013271093368530273
0.013279914855957031
0.013289213180541992
0.013298273086547852
0.01331019401550293
0.013319253921508789
0.013329267501831055
0.013338088989257812
0.01336216926574707
0.013373136520385742
0.013383150100708008
0.013393163681030273
0.013404130935668945
0.013413190841674805
0.013424158096313477
0.013434171676635742
0.013445138931274414
0.013456106185913086
0.013467073440551758
0.01347804069519043
0.01349020004272461
0.013501167297363281
0.013513326644897461
0.013524293899536133
0.013536930084228516
0.013549089431762695
0.013561010360717773
0.013573169708251953
0.013586282730102539
0.013598203659057617
0.013609886169433594
0.01362299919128418
0.013636112213134766
0.013653039932250977
0.013667106628417969
0.013681173324584961
0.013694286346435547
0.013708114624023438
0.01372218132019043
0.013736248016357422
0.013751983642578125
0.013768196105957031
0.013782978057861328
0.013798236846923828
0.013813018798828125
0.013829231262207031
0.01384425163269043
0.013859033584594727
0.013875961303710938
0.013892173767089844
0.013908147811889648
0.013924121856689453
0.013941049575805664
0.013957023620605469
0.013972997665405273
0.014057159423828125
0.014075040817260742
0.014093160629272461
0.014110326766967773
0.016585111618041992
0.01659703254699707
0.016618013381958008
0.017898082733154297
0.017907142639160156
0.017925024032592773
0.017933130264282227
0.01906108856201172
0.01907825469970703
0.019092321395874023
0.01910114288330078
0.019109249114990234
0.02175116539001465
0.021759986877441406
0.0217740535736084
0.02178192138671875
0.02179408073425293
0.021804094314575195
0.02298593521118164
0.022994279861450195
0.023006916046142578
0.02301621437072754
0.024651050567626953
0.024693012237548828
0.024712085723876953
0.024724960327148438
0.02616596221923828
0.02618122100830078
0.026195287704467773
0.02620410919189453
0.02621316909790039
0.026221036911010742
0.0262300968170166
0.02877521514892578
0.028792142868041992
0.030109167098999023
0.030121326446533203
0.030135154724121094
0.030148029327392578
0.033010244369506836
0.03302121162414551
0.0330350399017334
0.03304910659790039
0.03305697441101074
0.0330653190612793
0.034584999084472656
0.034600257873535156
0.03461122512817383
0.03462028503417969
0.034638166427612305
0.03618907928466797
0.03620290756225586
0.036216020584106445
0.03755593299865723
0.03757119178771973
0.039338111877441406
0.03939104080200195
0.03940010070800781
0.0394139289855957
0.0424959659576416
0.042513132095336914
0.0451350212097168
0.04515194892883301
0.045165061950683594
0.04755091667175293
0.04756808280944824
0.0475771427154541
0.04758596420288086
0.04759502410888672
0.049604177474975586
0.04962611198425293
0.04963517189025879
0.0520932674407959
0.052103281021118164
0.052117109298706055
0.055956125259399414
0.055973052978515625
0.05800914764404297
0.058030128479003906
0.05984306335449219
0.05985307693481445
0.059870243072509766
0.062200069427490234
0.06226301193237305
0.06227707862854004
0.062287092208862305
0.06229710578918457
0.06230616569519043
0.06231498718261719
0.06234908103942871
0.062367916107177734
0.0623779296875
0.06238722801208496
0.06239819526672363
0.06240725517272949
0.06241726875305176
0.06242704391479492
0.06246018409729004
0.06248331069946289
0.06250905990600586
0.06252217292785645
0.06253409385681152
0.06458425521850586
0.06461811065673828
0.06462788581848145
0.06463623046875
0.06464505195617676
0.06465411186218262
0.06466317176818848
0.06467199325561523
0.0646812915802002
0.06469130516052246
0.06470012664794922
0.06470918655395508
0.06471920013427734
0.06472921371459961
0.06473898887634277
0.06475019454956055
0.06475996971130371
0.06476998329162598
0.06477999687194824
0.06479001045227051
0.06480097770690918
0.06482410430908203
0.06483602523803711
0.06484818458557129
0.06486010551452637
0.06493616104125977
0.06494808197021484
0.06496000289916992
0.06497311592102051
0.06498503684997559
0.06499814987182617
0.06501126289367676
0.06502389907836914
0.06503701210021973
0.06505012512207031
0.0650641918182373
0.06507706642150879
0.06509113311767578
0.06510519981384277
0.06512093544006348
0.06513500213623047
0.06515026092529297
0.06516408920288086
0.06517910957336426
0.06519389152526855
0.06520915031433105
0.06522417068481445
0.06524014472961426
0.06525611877441406
0.06527113914489746
0.06528711318969727
0.06530213356018066
0.06531810760498047
0.06533408164978027
0.06535005569458008
0.0653691291809082
0.06538605690002441
0.06540322303771973
0.06541895866394043
0.06543517112731934
0.06545209884643555
0.06546926498413086
0.06548500061035156
0.0655050277709961
0.06552314758300781
0.06554102897644043
0.06555795669555664
0.06557631492614746
0.06559419631958008
0.0656120777130127
0.06563019752502441
0.06564927101135254
0.06566715240478516
0.06568598747253418
0.0657052993774414
0.06572318077087402
0.06574201583862305
0.06576108932495117
0.0657799243927002
0.06579923629760742
0.06581926345825195
0.06583905220031738
0.06585907936096191
0.06588006019592285
0.06590104103088379
0.06592297554016113
0.06594514846801758
0.06596922874450684
0.0659933090209961
0.06601595878601074
0.06606411933898926
0.0660851001739502
0.06610703468322754
0.06612825393676758
0.06615018844604492
0.06617116928100586
0.0661931037902832
0.06621527671813965
0.06623721122741699
0.06625914573669434
0.06628131866455078
0.06630301475524902
0.06632614135742188
0.06635117530822754
0.0663762092590332
0.06640100479125977
0.06642508506774902
0.06645011901855469
0.06647491455078125
0.06650114059448242
0.0665280818939209
0.06655406951904297
0.06658029556274414
0.0666050910949707
0.06663012504577637
0.06665420532226562
0.06667900085449219
0.06670522689819336
0.06673097610473633
0.06676292419433594
0.06679224967956543
0.06682014465332031
0.06684708595275879
0.06687402725219727
0.06690025329589844
0.06695699691772461
0.066986083984375
0.06701421737670898
0.06704211235046387
0.06707024574279785
0.06709718704223633
0.06712698936462402
0.06715703010559082
0.0671851634979248
0.06721305847167969
0.06724119186401367
0.06726813316345215
0.06729602813720703
0.06732416152954102
0.0673530101776123
0.0673820972442627
0.06741023063659668
0.06743907928466797
0.06746792793273926
0.06749725341796875
0.06752729415893555
0.06755805015563965
0.06758904457092285
0.06762003898620605
0.06765103340148926
0.06768202781677246
0.06772112846374512
0.06775593757629395
0.06779003143310547
0.06782197952270508
0.06785416603088379
0.0678861141204834
0.06791806221008301
0.06795120239257812
0.06798410415649414
0.06801605224609375
0.06804919242858887
0.06808114051818848
0.0681142807006836
0.06814718246459961
0.06818032264709473
0.06821298599243164
0.06824707984924316
0.0682830810546875
0.06832003593444824
0.06835603713989258
0.06839919090270996
0.06843304634094238
0.06846809387207031
0.06850504875183105
0.06854009628295898
0.06857490539550781
0.06860995292663574
0.06864523887634277
0.0686802864074707
0.0716700553894043
0.07177495956420898
0.0717921257019043
0.07180213928222656
0.07184100151062012
0.07186412811279297
0.07187509536743164
0.0718851089477539
0.07189512252807617
0.07190394401550293
0.07191324234008789
0.07192325592041016
0.07193207740783691
0.07194328308105469
0.07195305824279785
0.071990966796875
0.07204413414001465
0.07205605506896973
0.0720670223236084
0.07207798957824707
0.07208800315856934
0.0720980167388916
0.07213521003723145
0.07219099998474121
0.0722041130065918
0.07221508026123047
0.07223916053771973
0.0722801685333252
0.0723271369934082
0.07234406471252441
0.072357177734375
0.07236909866333008
0.07593011856079102
0.07593798637390137
0.07595586776733398
0.07844209671020508
0.07845711708068848
0.07846617698669434
0.08136224746704102
0.0814061164855957
0.08141732215881348
0.08142709732055664
0.08144927024841309
0.08145928382873535
0.08146810531616211
0.08147716522216797
0.08148717880249023
0.08149600028991699
0.08150601387023926
0.08152604103088379
0.08155322074890137
0.08156704902648926
0.08157896995544434
0.08158993721008301
0.08159995079040527
0.08161807060241699
0.08162927627563477
0.08528518676757812
0.0852961540222168
0.08531498908996582
0.08980607986450195
0.08988618850708008
0.09312105178833008
0.09313106536865234
0.09610795974731445
0.09612894058227539
0.09924197196960449
0.09925603866577148
0.10253524780273438
0.1061091423034668
0.10613012313842773
0.1061391830444336
0.10945725440979004
0.10948014259338379
0.10948920249938965
0.1094980239868164
0.10950613021850586
0.11301803588867188
0.11303496360778809
0.11754608154296875
0.11756420135498047
0.11757302284240723
0.11758208274841309
0.11759114265441895
0.11760091781616211
0.11761212348937988
0.11762094497680664
0.1176309585571289
0.11764121055603027
0.11765122413635254
0.1176612377166748
0.11767125129699707
0.11768126487731934
0.12154603004455566
0.12155628204345703
0.12157726287841797
0.12771105766296387
0.13248109817504883
0.13256216049194336
0.13691306114196777
0.1410059928894043
0.14102697372436523
0.1457662582397461
0.15038108825683594
0.15040302276611328
0.15446233749389648
0.16026806831359863
0.1602952480316162
0.16493511199951172
0.16494417190551758
0.16495823860168457
0.1690511703491211
0.1690659523010254
0.16907525062561035
0.1690831184387207
0.16909217834472656
0.16910004615783691
0.17613911628723145
0.1761488914489746
0.1761631965637207
0.17617201805114746
0.17618107795715332
0.17619013786315918
0.1809389591217041
0.18098092079162598
0.18099212646484375
0.1810011863708496
0.18101024627685547
0.18101906776428223
0.1810290813446045
0.18103814125061035
0.1810469627380371
0.18105697631835938
0.18106698989868164
0.1810762882232666
0.18108701705932617
0.18109726905822754
0.18111205101013184
0.18674921989440918
0.18677306175231934
0.1867821216583252
0.19257330894470215
0.19258427619934082
0.19259309768676758
0.19260215759277344
0.1926109790802002
0.19262003898620605
0.19263005256652832
0.19263887405395508
0.19264912605285645
0.1926591396331787
0.19266915321350098
0.19267916679382324
0.1926891803741455
0.19269919395446777
0.19271016120910645
0.1927201747894287
0.19273114204406738
0.19274115562438965
0.19278216361999512
0.19279813766479492
0.19281005859375
0.19282102584838867
0.19283294677734375
0.19289493560791016
0.19290709495544434
0.19291996955871582
0.1929330825805664
0.192946195602417
0.19295811653137207
0.19297003746032715
0.19298410415649414
0.19299817085266113
0.19301128387451172
0.1930251121520996
0.1930391788482666
0.1930532455444336
0.1930680274963379
0.19308209419250488
0.1930980682373047
0.19311308860778809
0.19312810897827148
0.19314193725585938
0.19315505027770996
0.19317007064819336
0.19318389892578125
0.19320106506347656
0.19321703910827637
0.19323325157165527
0.19324898719787598
0.19326519966125488
0.19328093528747559
0.1932981014251709
0.1933140754699707
0.1933302879333496
0.19335222244262695
0.19336915016174316
0.19338512420654297
0.19340205192565918
0.19341802597045898
0.1934370994567871
0.19345402717590332
0.19347500801086426
0.19349217414855957
0.19350910186767578
0.193526029586792
0.19354701042175293
0.19356632232666016
0.19358420372009277
0.1936030387878418
0.19362401962280273
0.19364404678344727
0.1936640739440918
0.19368433952331543
0.19370317459106445
0.19372320175170898
0.19374322891235352
0.19376206398010254
0.19378089904785156
0.1938002109527588
0.1997230052947998
0.19976425170898438
0.19977426528930664
0.199782133102417
0.19979119300842285
0.1998000144958496
0.19980812072753906
0.19981718063354492
0.19982624053955078
0.19983506202697754
0.1998441219329834
0.19985318183898926
0.19986295700073242
0.1998729705810547
0.19988203048706055
0.19989228248596191
0.19990229606628418
0.19991230964660645
0.1999220848083496
0.19993329048156738
0.19995522499084473
0.1999680995941162
0.1999800205230713
0.19999217987060547
0.20000314712524414
0.20001506805419922
0.2000272274017334
0.20003914833068848
0.20005130767822266
0.20006394386291504
0.20008325576782227
0.20009708404541016
0.20011019706726074
0.20012211799621582
0.2001352310180664
0.200148344039917
0.20016098022460938
0.20017409324645996
0.20018815994262695
0.20020294189453125
0.20021700859069824
0.20023226737976074
0.20024704933166504
0.20035600662231445
0.2003769874572754
0.2003951072692871
0.20041227340698242
0.20043110847473145
0.20044803619384766
0.20046520233154297
0.20650219917297363
0.20655512809753418
0.20658516883850098
0.2066049575805664
0.2133340835571289
0.21866226196289062
0.21867704391479492
0.21868610382080078
0.21869516372680664
0.218703031539917
0.21871209144592285
0.2187199592590332
0.21872925758361816
0.21873807907104492
0.21874713897705078
0.21875715255737305
0.2187659740447998
0.21877598762512207
0.21878600120544434
0.2187950611114502
0.21880602836608887
0.21881699562072754
0.2188270092010498
0.21883797645568848
0.21884799003601074
0.21885895729064941
0.21886992454528809
0.21888208389282227
0.21889305114746094
0.21890521049499512
0.2189161777496338
0.21894288063049316
0.21895503997802734
0.21896815299987793
0.218980073928833
0.22476911544799805
0.22485613822937012
0.2248692512512207
0.22488021850585938
0.22488903999328613
0.224898099899292
0.22492694854736328
0.22493791580200195
0.22494721412658691
0.22495627403259277
0.22504711151123047
0.22505712509155273
0.225067138671875
0.22507691383361816
0.22508692741394043
0.2250971794128418
0.22510814666748047
0.22511816024780273
0.2251300811767578
0.22514104843139648
0.22515201568603516
0.22516298294067383
0.225175142288208
0.22518706321716309
0.22519922256469727
0.22521591186523438
0.22522902488708496
0.22524428367614746
0.22525715827941895
0.22526907920837402
0.2252819538116455
0.2252950668334961
0.22530817985534668
0.22532010078430176
0.22533607482910156
0.22535014152526855
0.22537899017333984
0.22539424896240234
0.22540807723999023
0.22542214393615723
0.22543716430664062
0.22545194625854492
0.2320098876953125
0.23205113410949707
0.23206233978271484
0.2320711612701416
0.23208022117614746
0.2320880889892578
0.23209714889526367
0.23210597038269043
0.23216915130615234
0.2321791648864746
0.23218917846679688
0.23219919204711914
0.23222613334655762
0.23225712776184082
0.2322690486907959
0.23227906227111816
0.23229098320007324
0.23230218887329102
0.23231887817382812
0.23233413696289062
0.23989224433898926
0.24759125709533691
0.247603178024292
0.24762320518493652
0.2555391788482666
0.25554919242858887
0.26660919189453125
0.26662230491638184
0.2666311264038086
0.266646146774292
0.26665496826171875
0.26666903495788574
0.28062891960144043
0.2806401252746582
0.28064990043640137
0.28065919876098633
0.2806692123413086
0.28067827224731445
0.2806880474090576
0.2806980609893799
0.28070712089538574
0.280717134475708
0.2807271480560303
0.28073692321777344
0.2807481288909912
0.2807590961456299
0.2807750701904297
0.28078627586364746
0.29125499725341797
0.29129505157470703
0.2913060188293457
0.30180907249450684
0.3018312454223633
0.31198906898498535
0.31200194358825684
0.31201624870300293
0.32131195068359375
0.3213350772857666
0.3315870761871338
0.3316020965576172
0.3409121036529541
0.34093403816223145
0.3498842716217041
0.34992313385009766
0.3499410152435303
0.34995031356811523
0.349959135055542
0.34996819496154785
0.3499770164489746
0.3499870300292969
0.3500630855560303
0.36036133766174316
0.36037516593933105
0.37020111083984375
0.37021732330322266
0.37022995948791504
0.3800480365753174
0.3800630569458008
0.39035630226135254
0.3904092311859131
0.39041829109191895
0.3904261589050293
0.40088796615600586
0.40090513229370117
0.4126591682434082
0.4126770496368408
0.4126911163330078
0.41270017623901367
0.42287421226501465
0.42289209365844727
0.42290711402893066
0.4229161739349365
0.43303513526916504
0.433056116104126
0.43306517601013184
0.444317102432251
0.44432830810546875
0.4443471431732178
0.45455002784729004
0.4545619487762451
0.45458197593688965
0.4545910358428955
0.45459914207458496
0.4546082019805908
0.4653029441833496
0.4771902561187744
0.47721123695373535
0.48812007904052734
0.4881432056427002
0.48815202713012695
0.4881610870361328
0.48816919326782227
0.48817920684814453
0.4881882667541504
0.48819804191589355
0.4882071018218994
0.4882171154022217
0.48822617530822754
0.4882359504699707
0.48824596405029297
0.4988741874694824
0.49898695945739746
0.49900007247924805
0.4990091323852539
0.49901795387268066
0.4990272521972656
0.4990360736846924
0.49906206130981445
0.49913501739501953
0.4991481304168701
0.4991590976715088
0.49916911125183105
0.49924206733703613
0.4992520809173584
0.49926233291625977
0.49927330017089844
0.4992849826812744
0.4992959499359131
0.49930691719055176
0.49931812286376953
0.49936604499816895
0.4993772506713867
0.5114600658416748
0.5114841461181641
0.5115001201629639
0.5115089416503906
0.5115189552307129
0.5115282535552979
0.5115382671356201
0.5115470886230469
0.511605978012085
0.5116291046142578
0.5116422176361084
0.5116531848907471
0.5116841793060303
0.5117480754852295
0.511768102645874
0.511782169342041
0.5117931365966797
0.5118041038513184
0.5118591785430908
0.5118770599365234
0.5118892192840576
0.5119011402130127
0.5119132995605469
0.5239760875701904
0.5239872932434082
0.5240011215209961
0.5357511043548584
0.5357720851898193
0.5473721027374268
0.5473871231079102
0.5599379539489746
0.570803165435791
0.5708222389221191
0.5708351135253906
0.5830440521240234
0.5830540657043457
0.5830671787261963
0.583076000213623
0.5830850601196289
0.5830929279327393
0.5831022262573242
0.5831112861633301
0.5831201076507568
0.5957181453704834
0.5957551002502441
0.5957632064819336
0.6096501350402832
0.6096611022949219
0.6096692085266113
0.6096780300140381
0.6096861362457275
0.6096949577331543
0.6097042560577393
0.609713077545166
0.6097230911254883
0.6097321510314941
0.6097421646118164
0.6097521781921387
0.6097631454467773
0.6097731590270996
0.6097841262817383
0.6097941398620605
0.6098589897155762
0.6098711490631104
0.609882116317749
0.6098980903625488
0.6210999488830566
0.6211121082305908
0.6211271286010742
0.6331980228424072
0.6332149505615234
0.633228063583374
0.6475613117218018
0.6615390777587891
0.6615610122680664
0.6740701198577881
0.6740882396697998
0.6878609657287598
0.6878819465637207
0.702484130859375
0.7169442176818848
0.7169721126556396
0.731708288192749
0.73172926902771
0.7459011077880859
0.7459161281585693
0.760688066482544
0.7607002258300781
0.760714054107666
0.7752361297607422
0.7752959728240967
0.7753782272338867
0.7908689975738525
0.7908799648284912
0.7908999919891357
0.7909092903137207
0.8056440353393555
0.8056628704071045
0.8056721687316895
0.8056812286376953
0.8056890964508057
0.8056981563568115
0.8057079315185547
0.8057169914245605
0.8057270050048828
0.8057363033294678
0.8057460784912109
0.8057572841644287
0.8203051090240479
0.8203272819519043
0.8472900390625
0.8473000526428223
0.8973901271820068
0.8974912166595459
0.8975012302398682
0.9202580451965332
0.9203870296478271
0.9517531394958496
0.9733140468597412
0.9733371734619141
0.9889609813690186
1.007514238357544
1.0075361728668213
1.0224721431732178
1.0224900245666504
1.0402228832244873
1.0402491092681885
1.0625650882720947
1.0626029968261719
1.0626130104064941
1.079134225845337
1.0791451930999756
1.0791611671447754
1.079188346862793
1.0792219638824463
1.0792319774627686
1.096006155014038
1.0960180759429932
1.0960280895233154
1.0960371494293213
1.096107006072998
1.0961179733276367
1.0961270332336426
1.096137285232544
1.0961461067199707
1.096161127090454
1.1137011051177979
1.113713264465332
1.113734245300293
1.13037109375
1.130385160446167
1.148827075958252
1.1647920608520508
1.1648151874542236
1.1817891597747803
1.181800127029419
1.1818139553070068
1.1818222999572754
1.1818349361419678
1.1818442344665527
1.199186086654663
1.1992030143737793
1.1992170810699463
1.2193241119384766
1.2193400859832764
1.2375669479370117
1.2375891208648682
1.255990982055664
1.2739403247833252
1.2739620208740234
1.2915229797363281
1.308608055114746
1.3086271286010742
1.30863618850708
1.308645248413086
1.3086581230163574
1.3086662292480469
1.3285412788391113
1.3285531997680664
1.3285610675811768
1.3285701274871826
1.3285791873931885
1.3285880088806152
1.328606128692627
1.3286161422729492
1.3480281829833984
1.3480451107025146
1.3708510398864746
1.3708689212799072
1.3708782196044922
1.370887279510498
1.3708970546722412
1.370906114578247
1.3709139823913574
1.3709239959716797
1.3709330558776855
1.3709421157836914
1.3709511756896973
1.3709611892700195
1.3709712028503418
1.370981216430664
1.3709912300109863
1.371002197265625
1.3710131645202637
1.371023178100586
1.3710341453552246
1.3710451126098633
1.3710572719573975
1.3710682392120361
1.3710839748382568
1.3710970878601074
1.3711092472076416
1.3914930820465088
1.391503095626831
1.391512155532837
1.3915331363677979
1.3915431499481201
1.3915519714355469
1.3915612697601318
1.391571283340454
1.3915801048278809
1.3915891647338867
1.391599178314209
1.3916091918945312
1.3916189670562744
1.3916289806365967
1.3916401863098145
1.3916511535644531
1.3916621208190918
1.391672134399414
1.3916831016540527
1.3916940689086914
1.39170503616333
1.3917171955108643
1.3917291164398193
1.3918299674987793
1.3918430805206299
1.391855001449585
1.3918681144714355
1.3918812274932861
1.391892910003662
1.3919060230255127
1.3919212818145752
1.391934871673584
1.3919811248779297
1.3920021057128906
1.392019271850586
1.3920340538024902
1.392059087753296
1.392092227935791
1.3921151161193848
1.3921310901641846
1.392146110534668
1.3921611309051514
1.3921761512756348
1.392190933227539
1.3922061920166016
1.392221212387085
1.3922381401062012
1.3922550678253174
1.3922722339630127
1.3922889232635498
1.3923060894012451
1.392322063446045
1.3923392295837402
1.3923561573028564
1.3923749923706055
1.3923940658569336
1.3924121856689453
1.3924291133880615
1.3924462795257568
1.3924641609191895
1.3924810886383057
1.3924992084503174
1.39251708984375
1.3925349712371826
1.3925533294677734
1.3925721645355225
1.392590045928955
1.3926091194152832
1.392627239227295
1.3926472663879395
1.3926692008972168
1.3926901817321777
1.4127931594848633
1.4128050804138184
1.4128203392028809
1.4128329753875732
1.4327023029327393
1.4327192306518555
1.4327280521392822
1.4327411651611328
1.4536120891571045
1.453627109527588
1.4536361694335938
1.4728209972381592
1.4921352863311768
1.4921472072601318
1.4921610355377197
1.5129189491271973
1.5129411220550537
1.5129499435424805
1.5129590034484863
1.534243106842041
1.5342540740966797
1.534264087677002
1.5342731475830078
1.5342819690704346
1.5343000888824463
1.5558571815490723
1.5558719635009766
1.555943250656128
1.5761442184448242
1.5761651992797852
1.5963010787963867
1.5963101387023926
1.6186542510986328
1.6187262535095215
1.640043020248413
1.6400561332702637
1.6400761604309082
1.640084981918335
1.6400930881500244
1.6401021480560303
1.6401100158691406
1.6401190757751465
1.6401278972625732
1.6401371955871582
1.640146255493164
1.6401550769805908
1.640165090560913
1.640174150466919
1.6401841640472412
1.6401941776275635
1.6402039527893066
1.6402151584625244
1.640226125717163
1.6402370929718018
1.6402480602264404
1.6402602195739746
1.6402711868286133
1.640282154083252
1.640294075012207
1.6403062343597412
1.6403181552886963
1.6403300762176514
1.6403429508209229
1.640355110168457
1.6403682231903076
1.6403801441192627
1.6403932571411133
1.6404049396514893
1.6404180526733398
1.6404311656951904
1.640444278717041
1.640458106994629
1.640472173690796
1.6404850482940674
1.6404991149902344
1.6405129432678223
1.6405539512634277
1.640571117401123
1.6405889987945557
1.640606164932251
1.6406221389770508
1.6406371593475342
1.6406519412994385
1.6406681537628174
1.6406841278076172
1.640700101852417
1.6407179832458496
1.6407361030578613
1.6407532691955566
1.6407711505889893
1.6407883167266846
1.6408061981201172
1.6408240795135498
1.6408419609069824
1.6408612728118896
1.6408801078796387
1.6408991813659668
1.6409189701080322
1.6409389972686768
1.6409590244293213
1.640979290008545
1.6409990787506104
1.6410200595855713
1.6410400867462158
1.6410610675811768
1.6410820484161377
1.6411020755767822
1.6411230564117432
1.6411430835723877
1.641165018081665
1.641185998916626
1.6412081718444824
1.6412310600280762
1.6628150939941406
1.6629161834716797
1.6629290580749512
1.6631569862365723
1.6631999015808105
1.6632511615753174
1.6632640361785889
1.6632740497589111
1.6632840633392334
1.6632943153381348
1.663304090499878
1.6633222103118896
1.6633472442626953
1.6633610725402832
1.6633720397949219
1.6633830070495605
1.6633939743041992
1.6634061336517334
1.663417100906372
1.6634280681610107
1.6634390354156494
1.6634559631347656
1.6634681224822998
1.6634840965270996
1.6634962558746338
1.6635088920593262
1.6635210514068604
1.6635329723358154
1.663546085357666
1.663560152053833
1.693615198135376
1.6936371326446533
1.7237482070922852
1.72377610206604
1.7237861156463623
1.7237951755523682
1.7238051891326904
1.7499451637268066
1.7754302024841309
1.7754411697387695
1.7754502296447754
1.7754642963409424
1.7754731178283691
1.77549409866333
1.775503158569336
1.7755131721496582
1.7995121479034424
1.7995262145996094
1.8221139907836914
1.8455560207366943
1.8455679416656494
1.8455779552459717
1.8455872535705566
1.8455960750579834
1.8456051349639893
1.8456141948699951
1.8456230163574219
1.8456330299377441
1.84564208984375
1.8456523418426514
1.8456611633300781
1.8456711769104004
1.8456811904907227
1.845691204071045
1.8457012176513672
1.8457131385803223
1.8457231521606445
1.8457341194152832
1.8457462787628174
1.845757246017456
1.8457691669464111
1.8457810878753662
1.8457930088043213
1.8458051681518555
1.845818042755127
1.8458311557769775
1.8458442687988281
1.8458571434020996
1.845870018005371
1.8458831310272217
1.8458962440490723
1.8459081649780273
1.8459210395812988
1.8459351062774658
1.8460190296173096
1.846034288406372
1.84604811668396
1.8460640907287598
1.8460781574249268
1.8460931777954102
1.84610915184021
1.846128225326538
1.8461480140686035
1.8461790084838867
1.8462181091308594
1.8462390899658203
1.8462562561035156
1.8462729454040527
1.8462891578674316
1.8463060855865479
1.8463222980499268
1.8463401794433594
1.846358060836792
1.8463990688323975
1.8464303016662598
1.8464491367340088
1.8464670181274414
1.8464860916137695
1.8465042114257812
1.8465251922607422
1.846548318862915
1.8465681076049805
1.8722381591796875
1.8722600936889648
1.8722691535949707
1.8722779750823975
1.8963780403137207
1.8963901996612549
1.8963980674743652
1.896407127380371
1.8964159488677979
1.8964252471923828
1.8964331150054932
1.8964509963989258
1.9222581386566162
1.9222750663757324
1.9222829341888428
1.9222919940948486
1.9474012851715088
1.9474129676818848
1.9474270343780518
1.9474401473999023
1.9713871479034424
1.9952640533447266
1.9952821731567383
1.9952921867370605
2.0283870697021484
2.0283992290496826
2.028414249420166
2.0284271240234375
2.0284368991851807
2.0650479793548584
2.090778112411499
2.090801239013672
2.1156160831451416
2.115626096725464
2.1156342029571533
2.115643262863159
2.115652084350586
2.115661144256592
2.1156699657440186
2.1156790256500244
2.1416361331939697
2.141709089279175
2.1664011478424072
2.1664540767669678
2.1664700508117676
2.166483163833618
2.192625045776367
2.1926381587982178
2.1926541328430176
2.19266414642334
2.2185163497924805
2.2185373306274414
2.246415138244629
2.246433973312378
2.2464470863342285
2.2464561462402344
2.246464967727661
2.246474027633667
2.2464842796325684
2.246514081954956
2.246533155441284
2.286034107208252
2.2860500812530518
2.286060094833374
2.2860679626464844
2.34987211227417
2.349882125854492
2.385906219482422
2.385928153991699
2.3859381675720215
2.385946035385132
2.3859550952911377
2.3859641551971436
2.3859729766845703
2.3859829902648926
2.385993242263794
2.3860023021698
2.3860132694244385
2.3860220909118652
2.386033058166504
2.386043071746826
2.3860552310943604
2.386066198348999
2.3860771656036377
2.3860881328582764
2.3861000537872314
2.38611102104187
2.386122941970825
2.386134147644043
2.3861470222473145
2.3861591815948486
2.3861711025238037
2.3861842155456543
2.386198043823242
2.4204599857330322
2.4204721450805664
2.42048716545105
2.4204962253570557
2.447859287261963
2.447869300842285
2.447878122329712
2.4478871822357178
2.447895050048828
2.447904109954834
2.4479122161865234
2.4479212760925293
2.447930097579956
2.4479401111602783
2.447949171066284
2.4479589462280273
2.4479689598083496
2.447978973388672
2.4479899406433105
2.4480011463165283
2.448012113571167
2.448089122772217
2.4481000900268555
2.4481122493743896
2.4481241703033447
2.4481351375579834
2.4481472969055176
2.4481589794158936
2.4481699466705322
2.4481821060180664
2.4481940269470215
2.448211193084717
2.4482250213623047
2.4482390880584717
2.4482522010803223
2.448265314102173
2.4482779502868652
2.4482920169830322
2.448306083679199
2.448319911956787
2.448333978652954
2.4483492374420166
2.4483630657196045
2.448378086090088
2.4483940601348877
2.448409080505371
2.4484341144561768
2.4763851165771484
2.5071232318878174
2.5071699619293213
2.539612054824829
2.539635181427002
2.568948984146118
2.598201036453247
2.5982232093811035
2.6277360916137695
2.627758026123047
2.659158945083618
2.65922212600708
2.689735174179077
2.6897499561309814
2.7210543155670166
2.721072196960449
2.721086263656616
2.7524280548095703
2.7829360961914062
2.782957077026367
2.8144659996032715
2.845438241958618
2.8454601764678955
2.8807201385498047
2.9185941219329834
2.9186160564422607
2.9538490772247314
2.9538612365722656
2.9847710132598877
2.9847919940948486
3.0181381702423096
3.0181591510772705
3.0518441200256348
3.051854133605957
3.051862955093384
3.0518760681152344
3.085637092590332
3.0856549739837646
3.085663080215454
3.123147964477539
3.12316632270813
3.1231801509857178
3.1231889724731445
3.156682014465332
3.1566991806030273
3.156708002090454
3.1932179927825928
3.1932389736175537
3.2254061698913574
3.2254199981689453
3.2580690383911133
3.258129119873047
3.258139133453369
3.2918319702148438
3.291856050491333
3.325590133666992
3.3255999088287354
3.325608253479004
3.3256208896636963
3.358804941177368
3.3588201999664307
3.394711971282959
3.3947219848632812
3.3947319984436035
3.3947410583496094
3.3947510719299316
3.3947601318359375
3.3947691917419434
3.3947792053222656
3.3947932720184326
3.3948020935058594
3.3948121070861816
3.432122230529785
3.4321320056915283
3.432141065597534
3.4321489334106445
3.4321582317352295
3.43216609954834
3.4321751594543457
3.4321839809417725
3.4321930408477783
3.4322030544281006
3.4322123527526855
3.4322221279144287
3.432244062423706
3.4323172569274902
3.432328224182129
3.432338237762451
3.466790199279785
3.466804027557373
3.466813087463379
3.466826915740967
3.499948024749756
3.4999589920043945
3.4999680519104004
3.49997615814209
3.4999852180480957
3.499993085861206
3.500002145767212
3.5000109672546387
3.5000200271606445
3.5000290870666504
3.5000391006469727
3.5000481605529785
3.500058174133301
3.500068187713623
3.5000782012939453
3.5000879764556885
3.5000979900360107
3.500108003616333
3.5001189708709717
3.5001301765441895
3.500143051147461
3.500155210494995
3.5001721382141113
3.500188112258911
3.5336720943450928
3.5336902141571045
3.5337002277374268
3.5701911449432373
3.5702011585235596
3.5702152252197266
3.5702672004699707
3.6055901050567627
3.6397459506988525
3.6397860050201416
3.6398141384124756
3.63982892036438
3.6743810176849365
3.674403190612793
3.6744120121002197
3.708346128463745
3.7083561420440674
3.741837978363037
3.7418601512908936
3.7851712703704834
3.7851812839508057
3.834787130355835
3.834804058074951
3.834818124771118
3.870960235595703
3.8709700107574463
3.906273126602173
3.906282901763916
3.906291961669922
3.9063310623168945
3.906339168548584
3.9063491821289062
3.906358003616333
3.906419277191162
3.906428098678589
3.906438112258911
3.906459093093872
3.9064700603485107
3.9414491653442383
3.9414591789245605
3.9414682388305664
3.941477060317993
3.9414851665496826
3.9414939880371094
3.9415030479431152
3.941512107849121
3.941525936126709
3.9415359497070312
3.9415500164031982
3.9775240421295166
4.017715930938721
4.017733097076416
4.017756223678589
4.0545971393585205
4.054619073867798
4.092142105102539
4.0921630859375
4.133308172225952
4.1333229541778564
4.170489072799683
4.2083282470703125
4.20835018157959
4.245565176010132
4.285747289657593
4.285768270492554
4.325717926025391
4.325850009918213
4.36498498916626
4.406323194503784
4.406339168548584
4.406347990036011
4.406362056732178
4.446964979171753
4.44698691368103
4.4469969272613525
4.4470062255859375
4.485985994338989
4.485996961593628
4.486011266708374
4.4860241413116455
4.5271899700164795
4.527202129364014
4.527217149734497
4.527230978012085
4.5697290897369385
4.569749116897583
4.609676122665405
4.6096861362457275
4.6097002029418945
4.609708070755005
4.650352239608765
4.650413990020752
4.690808057785034
4.690828084945679
4.690843105316162
4.730659008026123
4.730672121047974
4.770890951156616
4.770913124084473
4.81311821937561
4.853597164154053
4.8536131381988525
4.8536272048950195
4.85363507270813
4.895663022994995
4.895678281784058
4.895687103271484
4.895695209503174
4.895709276199341
4.9374330043792725
4.937453985214233
4.937490224838257
4.978358030319214
4.978379964828491
4.97838830947876
4.9783971309661865
4.978408098220825
5.020381212234497
5.020398139953613
5.02040696144104
5.020421028137207
5.0204291343688965
5.020437955856323
5.020447015762329
5.0204572677612305
5.020467281341553
5.0204761028289795
5.020486116409302
5.020496129989624
5.020506143569946
5.0205161571502686
5.020526170730591
5.020538091659546
5.02055025100708
5.020561218261719
5.020573139190674
5.020586013793945
5.020600080490112
5.020615100860596
5.020630121231079
5.020642995834351
5.020656108856201
5.020669221878052
5.020681142807007
5.020693063735962
5.0207061767578125
5.020718097686768
5.020731210708618
5.020745277404785
5.0207600593566895
5.020848035812378
5.066469192504883
5.066481113433838
5.066495895385742
5.066509008407593
5.109331130981445
5.109347105026245
5.109355926513672
5.109364986419678
5.152152061462402
5.152169227600098
5.1521830558776855
5.152190923690796
5.197937250137329
5.197952032089233
5.197961330413818
5.241756200790405
5.2417662143707275
5.241775035858154
5.241788148880005
5.2844390869140625
5.328347206115723
5.328362941741943
5.32837700843811
5.328386068344116
5.371880292892456
5.371905088424683
5.3719470500946045
5.37197208404541
5.371983051300049
5.371993064880371
5.372002124786377
5.4185872077941895
5.418605089187622
5.46252703666687
5.462538957595825
5.462559938430786
5.507227182388306
5.507237195968628
5.554633140563965
5.554655075073242
5.602739095687866
5.602758169174194
5.602766036987305
5.6027750968933105
5.602783918380737
5.602792263031006
5.602801084518433
5.6028101444244385
5.602818965911865
5.6028289794921875
5.60283899307251
5.602848052978516
5.602858066558838
5.602869033813477
5.602879047393799
5.6028900146484375
5.602900266647339
5.602910995483398
5.6029212474823
5.602931976318359
5.602942943572998
5.603079080581665
5.603109121322632
5.603125095367432
5.603139162063599
5.603153228759766
5.648621082305908
5.648632049560547
5.648641109466553
5.6486499309539795
5.6486592292785645
5.64866828918457
5.648676156997681
5.648686170578003
5.64869499206543
5.6487040519714355
5.648741245269775
5.6487510204315186
5.648761034011841
5.6487720012664795
5.648782014846802
5.648792028427124
5.648802995681763
5.648813009262085
5.648823976516724
5.648836135864258
5.648848056793213
5.648859262466431
5.648871183395386
5.648883104324341
5.648895025253296
5.6489081382751465
5.648920059204102
5.64893913269043
5.648952007293701
5.648965120315552
5.694343090057373
5.694355249404907
5.694374084472656
5.739520072937012
5.739537239074707
5.7395501136779785
5.739559173583984
5.73956823348999
5.739577054977417
5.786472320556641
5.786482095718384
5.786490201950073
5.7864990234375
5.7865071296691895
5.786516189575195
5.786525249481201
5.786546230316162
5.786557197570801
5.786566257476807
5.78657603263855
5.786585092544556
5.786596059799194
5.786607027053833
5.786617040634155
5.7866270542144775
5.7866370677948
5.845282077789307
5.845299959182739
5.845314025878906
5.845323085784912
5.845332145690918
5.904173135757446
5.904187202453613
5.94973611831665
5.94975209236145
5.9497621059417725
5.949772119522095
5.949782133102417
5.94979190826416
5.949801206588745
5.949810266494751
5.949819087982178
5.949828147888184
5.949838161468506
5.949846982955933
5.998198986053467
5.998255014419556
5.998266220092773
5.9982750415802
5.998284101486206
5.998302936553955
6.047709226608276
6.10045313835144
6.100475072860718
6.150277137756348
6.201585054397583
6.201597213745117
6.201611042022705
6.2016191482543945
6.25088095664978
6.250903129577637
6.2996931076049805
6.349752187728882
6.349769115447998
6.349782943725586
6.4010889530181885
6.401106119155884
6.452609062194824
6.452630043029785
6.503416061401367
6.503449201583862
6.5034589767456055
6.503468990325928
6.503478050231934
6.503486156463623
6.503495216369629
6.503505229949951
6.503514051437378
6.503523111343384
6.503533124923706
6.558225154876709
6.558274030685425
6.5582849979400635
6.558294057846069
6.558302164077759
6.558317184448242
6.6112329959869385
6.611252069473267
6.611266136169434
6.664888143539429
6.66490912437439
6.718599081039429
6.718612909317017
6.771571159362793
6.771595001220703
6.771605014801025
6.77161431312561
6.833559989929199
6.833656072616577
6.887110233306885
6.887162208557129
6.941310167312622
6.9953672885894775
6.995383977890015
7.059571981430054
7.059597015380859
7.116824150085449
7.184625148773193
7.184649229049683
7.248807191848755
7.248817205429077
7.3143651485443115
7.31437611579895
7.3143861293792725
7.314395189285278
7.314409971237183
7.314424991607666
7.388610124588013
7.388621091842651
7.388629913330078
7.388638973236084
7.388649225234985
7.388658285140991
7.388667106628418
7.38867712020874
7.3886871337890625
7.452280044555664
7.452301025390625
7.509693145751953
7.569659233093262
7.569677114486694
7.626327991485596
7.626350164413452
7.6263580322265625
7.691028118133545
7.691038131713867
7.749720096588135
7.749737977981567
7.814706087112427
7.8147242069244385
7.814733028411865
7.814747095108032
7.8147571086883545
7.81476616859436
7.879245042800903
7.948846101760864
7.9488701820373535
8.01576018333435
8.015775918960571
8.075756072998047
8.07576608657837
8.075774908065796
8.07578420639038
8.141952991485596
8.141963958740234
8.14197301864624
8.141987085342407
8.141996145248413
8.14201021194458
8.203638076782227
8.203649044036865
8.203742265701294
8.203752279281616
8.203761100769043
8.203770160675049
8.266844272613525
8.267721891403198
8.267741203308105
8.330096244812012
8.33010721206665
8.330121994018555
8.330136060714722
8.395090103149414
8.395102262496948
8.395110130310059
8.395119190216064
8.395133256912231
8.395142078399658
8.395155191421509
8.456521987915039
8.456534147262573
8.456549167633057
8.456563234329224
8.456573247909546
8.456582069396973
8.516846179962158
8.51685619354248
8.576085090637207
8.576103210449219
8.576117038726807
8.638922929763794
8.638932943344116
8.638947010040283
8.638955116271973
8.702568292617798
8.702579259872437
8.702588081359863
8.70259714126587
8.702606201171875
8.702615022659302
8.702624082565308
8.702633142471313
8.70264220237732
8.702652215957642
8.702662229537964
8.702672243118286
8.70268201828003
8.702692031860352
8.702702045440674
8.702713012695312
8.702787160873413
8.702799081802368
8.702810049057007
8.702822208404541
8.702839136123657
8.702851057052612
8.702862024307251
8.702874183654785
8.763045072555542
8.763061046600342
8.823575019836426
8.823585987091064
8.82359504699707
8.823603868484497
8.823618173599243
8.887274026870728
8.887284994125366
8.887304306030273
8.887312173843384
8.88732099533081
8.887330055236816
8.887339115142822
8.887347936630249
8.887357234954834
8.887367248535156
8.887377262115479
8.887386083602905
8.887397050857544
8.887407064437866
8.887418031692505
8.887429237365723
8.949754238128662
8.949804067611694
8.94981598854065
8.949825048446655
8.949833154678345
8.949852228164673
9.015422105789185
9.078941106796265
9.078952312469482
9.07896614074707
9.139525175094604
9.139543056488037
9.139556169509888
9.139564990997314
9.13957405090332
9.139582872390747
9.139592170715332
9.139602184295654
9.205610036849976
9.275131225585938
9.275146961212158
9.275156259536743
9.27516508102417
9.275175094604492
9.275183200836182
9.275214195251465
9.275223970413208
9.27523398399353
9.275243043899536
9.275253057479858
9.341984987258911
9.34200406074524
9.342018127441406
9.411449193954468
9.411473274230957
9.411482095718384
9.41149115562439
9.411554098129272
9.411561965942383
9.411571264266968
9.411580085754395
9.411590099334717
9.411599159240723
9.411609172821045
9.411617994308472
9.411628007888794
9.411638021469116
9.411648035049438
9.482734203338623
9.4827561378479
9.557031154632568
9.557048082351685
9.55705714225769
9.557065963745117
9.557075262069702
9.557084083557129
9.557093143463135
9.55710220336914
9.557111978530884
9.557121992111206
9.557132005691528
9.55714201927185
9.557152032852173
9.557162046432495
9.557173013687134
9.557194948196411
9.55720591545105
9.557217121124268
9.557229042053223
9.557240009307861
9.5572509765625
9.557263135910034
9.55727505683899
9.557287216186523
9.557299137115479
9.557311058044434
9.5573251247406
9.557338237762451
9.557351112365723
9.557363986968994
9.557377099990845
9.557389974594116
9.557404279708862
9.628421068191528
9.628438949584961
9.628448009490967
9.628457307815552
9.628466129302979
9.628479957580566
9.628489255905151
9.628499269485474
9.6285080909729
9.717451095581055
9.717467069625854
9.71747612953186
9.717489242553711
9.787758111953735
9.787775039672852
9.86060619354248
9.860627174377441
9.932583093643188
10.016268014907837
10.016287088394165
10.016302108764648
10.106112957000732
10.106128215789795
10.174289226531982
10.17430305480957
10.250300168991089
10.250322103500366
10.323019981384277
10.32304310798645
10.396724939346313
10.396740198135376
10.396749019622803
10.472949981689453
10.543673038482666
10.543696165084839
10.61655592918396
10.689136028289795
10.764404058456421
10.76442003250122
10.835798978805542
10.835821151733398
10.9150710105896
10.915090084075928
10.915099143981934
10.91510820388794
10.915117025375366
10.915124893188477
10.915134191513062
10.915143251419067
10.91515326499939
10.915163040161133
10.915475130081177
10.91549015045166
10.915503025054932
10.91551423072815
10.915525197982788
10.915536165237427
10.915548086166382
10.915560245513916
10.915571928024292
10.915584087371826
10.915596008300781
10.915608167648315
10.91562008857727
10.915632247924805
10.915650129318237
10.915663003921509
10.915675163269043
10.915688276290894
10.986409902572632
10.986432075500488
10.986441135406494
10.9864501953125
10.986459255218506
10.986468076705933
10.986477136611938
11.062403202056885
11.06245493888855
11.062467098236084
11.062477111816406
11.062484979629517
11.062494993209839
11.062504291534424
11.062514305114746
11.06252408027649
11.062533140182495
11.062548160552979
11.062561988830566
11.138793230056763
11.21302604675293
11.213049173355103
11.21305799484253
11.289488077163696
11.289499044418335
11.289518117904663
11.366802215576172
11.36681318283081
11.366822242736816
11.366831064224243
11.366840124130249
11.36684799194336
11.366857290267944
11.366867303848267
11.366886138916016
11.366895198822021
11.444871187210083
11.444882154464722
11.444895029067993
11.52119493484497
11.521206140518188
11.521221160888672
11.521234273910522
11.60012412071228
11.600145101547241
11.677734136581421
11.677743196487427
11.677751064300537
11.753751039505005
11.753772020339966
11.753781080245972
11.830884218215942
11.830896139144897
11.830905199050903
11.83091402053833
11.83092188835144
11.830932140350342
11.830940246582031
11.830958127975464
11.909790277481079
11.909807205200195
11.909816026687622
11.909830093383789
11.98725414276123
11.987276077270508
12.076136112213135
12.076158285140991
12.16587519645691
12.165892124176025
12.165905237197876
12.246026039123535
12.24603796005249
12.246047019958496
12.246065139770508
12.33739423751831
12.337513208389282
12.337531089782715
12.33757209777832
12.416446208953857
12.41645622253418
12.416469097137451
12.416481018066406
12.499046087265015
12.499058246612549
12.499109029769897
12.49911904335022
12.499128103256226
12.499136924743652
12.499145984649658
12.499155282974243
12.49916410446167
12.499174118041992
12.499183177947998
12.49919319152832
12.499202966690063
12.49921727180481
12.499229192733765
12.499239206314087
12.49924921989441
12.499260187149048
12.499271154403687
12.49928331375122
12.49929428100586
12.499305248260498
12.499316930770874
12.499329090118408
12.499340057373047
12.499353170394897
12.499366044998169
12.49937915802002
12.499391078948975
12.499403953552246
12.499417066574097
12.49942922592163
12.499444007873535
12.499459028244019
12.499474287033081
12.499490022659302
12.585792064666748
12.669387102127075
12.669397115707397
12.669406175613403
12.669414043426514
12.669427871704102
12.669437170028687
12.757821083068848
12.757838010787964
12.757851123809814
12.845741987228394
12.84575891494751
12.845772981643677
12.845781087875366
12.929506063461304
12.92952013015747
13.017275094985962
13.10388708114624
13.103904008865356
13.1923189163208
13.19234013557434
13.27847409248352
13.27848505973816
13.278494119644165
13.278502225875854
13.278513193130493
13.278523206710815
13.278597116470337
13.278606176376343
13.27861499786377
13.278625011444092
13.278638124465942
13.36686897277832
13.3668851852417
13.366894006729126
13.366902112960815
13.366912126541138
13.366920232772827
13.366929054260254
13.36693811416626
13.366947174072266
13.366957187652588
13.366966962814331
13.366976976394653
13.366986989974976
13.366997003555298
13.367007970809937
13.367018938064575
13.367035150527954
13.367046117782593
13.367057085037231
13.36706829071045
13.367080211639404
13.367091178894043
13.367103099822998
13.36711597442627
13.457417964935303
13.457436084747314
13.45744514465332
13.457454204559326
13.457468271255493
13.547664165496826
13.547681093215942
13.54769515991211
13.636549234390259
13.723496198654175
13.723517179489136
13.818142175674438
13.818156957626343
13.818166017532349
13.818176031112671
13.818185329437256
13.913506031036377
13.91352105140686
14.014686107635498
14.01496696472168
14.145546913146973
14.286270141601562
14.286301136016846
14.286311149597168
14.427801132202148
14.53528904914856
14.535311222076416
14.648767948150635
14.648791074752808
14.749962091445923
14.749983072280884
14.851004123687744
14.990358114242554
14.990370035171509
15.247512102127075
15.247655153274536
15.411504030227661
15.411527156829834
15.524542331695557
15.5245521068573
15.627292156219482
15.627304315567017
15.627325296401978
15.728018283843994
15.728032112121582
15.728041172027588
15.728050231933594
15.827834129333496
15.827852010726929
15.827867031097412
15.827876091003418
15.827883958816528
15.827893018722534
15.827901124954224
15.926671028137207
15.926687955856323
15.92670202255249
16.02904510498047
16.029059171676636
16.029067993164062
16.02907705307007
16.134660005569458
16.134672164916992
16.134682178497314
16.13469099998474
16.134700059890747
16.13471007347107
16.134718894958496
16.134729146957397
16.134742975234985
16.134752988815308
16.25828719139099
16.258310079574585
16.25831913948059
16.372479915618896
16.372497081756592
16.505223274230957
16.505324125289917
16.601356983184814
16.601372241973877
16.704736948013306
16.806631088256836
16.80664324760437
16.806661128997803
16.91054105758667
17.060789108276367
17.060814142227173
17.060832023620605
17.16882610321045
17.16884207725525
17.16885018348694
17.168859243392944
17.16886806488037
17.168877124786377
17.278483152389526
17.27850103378296
17.278515100479126
17.278524160385132
17.390544176101685
17.390555143356323
17.390571117401123
17.390583992004395
17.390592098236084
17.39060115814209
17.390610218048096
17.390619039535522
17.39062809944153
17.39063811302185
17.390648126602173
17.3906569480896
17.390666961669922
17.390676975250244
17.390686988830566
17.390697956085205
17.527148008346558
17.527172088623047
17.639380931854248
17.757809162139893
17.75782012939453
17.757840156555176
18.036319971084595
18.153788089752197
18.153810262680054
18.269716262817383
18.392588138580322
18.392611026763916
18.513978242874146
18.628339290618896
18.628359079360962
18.73464608192444
18.850277185440063
18.850375175476074
18.96330690383911
18.963330030441284
19.080615282058716
19.202636003494263
19.202659130096436
19.202667951583862
19.32475709915161
19.324790954589844
19.32482099533081
19.324830293655396
19.44737410545349
19.447391033172607
19.44740605354309
19.447415113449097
19.5685031414032
19.56852126121521
19.684835195541382
19.684856176376343
19.800777196884155
19.923614263534546
19.923635959625244
20.045892000198364
20.173745155334473
20.173755168914795
20.17380404472351
20.30467414855957
20.304697036743164
20.44282102584839
20.44283699989319
20.567155122756958
20.567168951034546
20.68735408782959
20.687371015548706
20.81040096282959
20.936429023742676
20.936450004577637
21.071609020233154
21.202025175094604
21.202046871185303
21.32328510284424
21.32329487800598
21.323304176330566
21.323313236236572
21.323323249816895
21.32333207130432
21.32333993911743
21.323349952697754
21.323359966278076
21.323446035385132
21.463877201080322
21.463943243026733
21.4639630317688
21.59123396873474
21.591251134872437
21.7263081073761
21.72631812095642
21.726326942443848
21.726335048675537
21.726344108581543
21.72635316848755
21.726362228393555
21.72637104988098
21.726381063461304
21.72639012336731
21.726399898529053
21.726409196853638
21.72641921043396
21.7264301776886
21.72644019126892
21.726450204849243
21.726461172103882
21.726471185684204
21.726482152938843
21.72649312019348
21.726505279541016
21.72651696205139
21.72652792930603
21.726540088653564
21.72655200958252
21.726564168930054
21.726577281951904
21.72658920288086
21.726607084274292
21.726622104644775
21.726635932922363
21.726651191711426
21.85355019569397
21.983620166778564
22.107762098312378
22.107784271240234
22.236751079559326
22.236762046813965
22.23677110671997
22.236779928207397
22.236788988113403
22.236797094345093
22.236807107925415
22.236828088760376
22.2368381023407
22.23684811592102
22.236857175827026
22.23686718940735
22.36662220954895
22.36663818359375
22.366647958755493
22.36666226387024
22.366671085357666
22.366680145263672
22.3666889667511
22.366698026657104
22.366708040237427
22.366718292236328
22.366727113723755
22.366737127304077
22.3667471408844
22.36675715446472
22.366767168045044
22.366836071014404
22.366847038269043
22.366857290267944
22.366868257522583
22.495342016220093
22.49535894393921
22.49537205696106
22.628794193267822
22.75853729248047
22.758554220199585
22.758570909500122
22.88827896118164
22.88829517364502
22.888304233551025
22.888312101364136
22.888319969177246
22.88832926750183
22.888338088989258
22.888347148895264
22.88835620880127
22.888365030288696
22.88837504386902
22.88838505744934
22.888399124145508
22.88840913772583
23.01658320426941
23.200587034225464
23.20059895515442
23.20060896873474
23.200618028640747
23.200627326965332
23.20066499710083
23.20068120956421
23.20069122314453
23.200725078582764
23.200735092163086
23.200745344161987
23.200757026672363
23.200767993927002
23.200778007507324
23.200788974761963
23.200801134109497
23.200812101364136
23.20082402229309
23.200836181640625
23.20084810256958
23.20086121559143
23.409837007522583
23.40985417366028
23.409992218017578
23.65149211883545
23.821709156036377
23.82172703742981
23.82174301147461
23.98486018180847
23.98488211631775
24.193053245544434
24.400347232818604
24.400370121002197
24.400379180908203
24.679864168167114
24.68012309074402
24.680134057998657
24.885837078094482
24.885854244232178
25.034285068511963
25.195778131484985
25.19579005241394
25.19580912590027
25.337902069091797
25.513700008392334
25.513724088668823
25.737051248550415
25.906902074813843
25.906928062438965
26.048656225204468
26.187438011169434
26.187458992004395
26.32725501060486
26.32726502418518
26.47195529937744
26.471976280212402
26.631554126739502
26.631569147109985
26.78942894935608
26.924950122833252
26.92496609687805
27.071015119552612
27.071036100387573
27.22173523902893
27.221750020980835
27.357686042785645
27.504523038864136
27.50460910797119
27.50462007522583
27.645164966583252
27.645185947418213
27.7914822101593
27.791492223739624
27.791501998901367
27.791511058807373
27.791518926620483
27.79152822494507
27.79153823852539
27.791547060012817
27.791605949401855
27.791615962982178
27.791625261306763
27.791635274887085
27.791645288467407
28.004541158676147
28.005481958389282
28.150200128555298
28.15022110939026
28.294148206710815
28.2941632270813
28.437140941619873
28.43715500831604
28.437164068222046
28.57819104194641
28.578201055526733
28.771136045455933
28.771149158477783
28.771164178848267
28.938024282455444
28.93804693222046
29.08451509475708
29.235196113586426
29.2352192401886
29.23522710800171
29.23523712158203
29.235246181488037
29.235255002975464
29.23526406288147
29.38001823425293
29.380028247833252
29.380041122436523
29.527587175369263
29.527605056762695
29.691050052642822
29.691152095794678
29.691197156906128
29.691227197647095
29.691258192062378
29.691302061080933
29.691329956054688
29.857701063156128
29.8577241897583
29.85773205757141
30.011325120925903
30.011340141296387
30.173492908477783
30.331459999084473
30.33147120475769
30.331480026245117
30.33149003982544
30.331499099731445
30.331507921218872
30.33159613609314
30.331604957580566
30.33164119720459
30.33165216445923
30.33166217803955
30.331672191619873
30.331681966781616
30.331693172454834
30.331702947616577
30.331745147705078
30.33176612854004
30.49835515022278
30.498441219329834
30.655630111694336
30.81372618675232
30.813753128051758
30.991191148757935
30.9912109375
30.99124312400818
30.991254091262817
31.17788791656494
31.34489107131958
31.344913244247437
31.514997959136963
31.5150089263916
31.704293251037598
31.70431613922119
31.87578010559082
31.875811100006104
31.875827312469482
32.04749894142151
32.0475172996521
32.047526121139526
32.222131967544556
32.22215008735657
32.222161054611206
32.22234225273132
32.38911509513855
32.389151096343994
32.560606241226196
32.73886799812317
32.73889207839966
32.73890709877014
32.91171097755432
32.911742210388184
32.91175699234009
32.91177320480347
33.11013603210449
33.110153913497925
33.11016798019409
33.11018204689026
33.28044509887695
33.280463218688965
33.280484199523926
33.445720195770264
33.44573712348938
33.609143018722534
33.60915517807007
33.609174966812134
33.79555821418762
33.97354602813721
33.97356700897217
33.97357630729675
34.15043091773987
34.15045404434204
34.15046310424805
34.15047216415405
34.15048122406006
34.150490045547485
34.15049910545349
34.363065004348755
34.36308026313782
34.5422101020813
34.7252242565155
34.725242137908936
34.8934690952301
34.89348125457764
34.89350128173828
35.10531401634216
35.28046727180481
35.28048515319824
35.47123408317566
35.47125601768494
35.648033142089844
35.82734417915344
35.827367067337036
36.011327028274536
36.202357053756714
36.202383041381836
36.20239210128784
36.3895149230957
36.389543294906616
36.562939167022705
36.76905798912048
36.76915097236633
36.94582509994507
37.16204118728638
37.16218423843384
37.34598231315613
37.529844999313354
37.52986812591553
37.729268074035645
37.9294331073761
37.93074703216553
38.10793209075928
38.107954263687134
38.29500222206116
38.29503417015076
38.48302507400513
38.67120718955994
38.671226024627686
38.84769821166992
39.034409284591675
39.034430265426636
39.234673261642456
39.23468804359436
39.234697341918945
39.23470616340637
39.422441244125366
39.4224591255188
39.61547017097473
39.615493059158325
39.805493116378784
39.80550503730774
39.805519104003906
39.80552816390991
39.80553698539734
39.805546045303345
39.80555510520935
39.805564165115356
39.80557322502136
39.805583000183105
39.80559301376343
39.80560302734375
39.80561709403992
40.0125732421875
40.01259517669678
40.210241079330444
40.40291094779968
40.40292716026306
40.604634046554565
40.60465097427368
40.799389123916626
40.79944920539856
40.99792718887329
40.99795413017273
40.999027252197266
41.21067690849304
41.21069526672363
41.4080171585083
41.40803027153015
41.40803813934326
41.40804719924927
41.408056020736694
41.4080650806427
41.40807390213013
41.40808320045471
41.40809226036072
41.40810227394104
41.40811109542847
41.40812110900879
41.40813112258911
41.40814208984375
41.40815305709839
41.40816307067871
41.40817403793335
41.40818500518799
41.408196210861206
41.40821290016174
41.622748136520386
41.622814893722534
41.82440114021301
42.109766244888306
42.109785079956055
42.10979413986206
42.10980296134949
42.33863115310669
42.541744232177734
42.54175519943237
42.54176998138428
42.75071310997009
42.750734090805054
42.9464430809021
42.946460247039795
42.94647407531738
43.166090965270996
43.382347106933594
43.38279318809509
43.5983510017395
43.59837317466736
43.80528402328491
44.02194929122925
44.0219612121582
44.02198028564453
44.23905110359192
44.44034814834595
44.440370082855225
44.65232515335083
44.857211112976074
44.85722327232361
44.857232093811035
44.85724997520447
45.065268993377686
45.06528401374817
45.274516344070435
45.50586223602295
45.50589895248413
45.7345552444458
45.734612226486206
45.73463320732117
45.937066078186035
45.93708419799805
46.159340143203735
46.15935301780701
46.15936207771301
46.15938210487366
46.37009620666504
46.37011194229126
46.593291997909546
46.59330415725708
46.59331297874451
46.593327045440674
46.59334111213684
46.82205319404602
46.82206892967224
47.04324293136597
47.26992607116699
47.269949197769165
47.49238705635071
47.71627593040466
47.716299057006836
47.94551229476929
48.33995318412781
48.34004807472229
48.575685024261475
48.57570815086365
48.816872119903564
49.056889057159424
49.05691123008728
49.05692005157471
49.292126178741455
49.292142152786255
49.51919198036194
49.519206047058105
49.78502821922302
49.78504490852356
49.78505897521973
50.02142095565796
50.02143716812134
50.258843183517456
50.258854150772095
50.25887417793274
50.258882999420166
50.25889301300049
50.50447607040405
50.74939703941345
50.74940800666809
50.749428033828735
50.98669409751892
51.24254107475281
51.24261021614075
51.47116994857788
51.47117900848389
51.72745323181152
51.727474212646484
51.947386026382446
52.19329309463501
52.19331407546997
52.41798400878906
52.418002128601074
52.63868808746338
52.63870406150818
52.87970519065857
52.87972807884216
53.11199712753296
53.11201310157776
53.11202812194824
53.36608004570007
53.36609625816345
53.619959115982056
53.61998200416565
53.88665509223938
54.13600301742554
54.136019229888916
54.40395522117615
54.40397119522095
54.403980016708374
54.64408802986145
54.64411020278931
54.97663903236389
55.38654112815857
55.38656401634216
55.69821810722351
56.04816818237305
56.048190116882324
56.04820513725281
56.425379037857056
56.69824504852295
56.698272943496704
57.047144174575806
57.38270711898804
57.38272523880005
57.65271019935608
57.652727127075195
57.65274119377136
57.65275001525879
57.9643931388855
57.964457273483276
57.96446990966797
57.964478969573975
57.96448826789856
57.96450400352478
58.241361141204834
58.24137496948242
58.24138903617859
58.49857807159424
58.498603105545044
58.79046821594238
59.065638065338135
59.06566023826599
59.0656681060791
59.065678119659424
59.35799717903137
59.35801601409912
59.358025312423706
59.358039140701294
59.62687110900879
59.626883029937744
59.62689208984375
59.62690019607544
59.626909255981445
59.62692308425903
59.91468000411987
59.91469216346741
59.91470718383789
59.91472101211548
59.914730072021484
59.91473913192749
59.914748191833496
59.9147572517395
59.914767026901245
59.91477704048157
59.91478610038757
59.91479706764221
59.914807081222534
59.914817094802856
59.914828062057495
59.91483998298645
59.91485118865967
60.18847990036011
60.188491106033325
60.18851017951965
60.48818111419678
60.76027703285217
60.76029896736145
60.760308027267456
61.0373260974884
61.33760929107666
61.33763098716736
61.33763909339905
61.337648153305054
61.337656021118164
61.33766508102417
61.3376739025116
61.3376841545105
61.337693214416504
61.59640407562256
61.59642219543457
61.90561103820801
61.905625104904175
61.90563416481018
61.905643939971924
62.1955361366272
62.19556021690369
62.450284004211426
62.450294971466064
62.45030617713928
62.450385093688965
62.45039510726929
62.45040512084961
62.45041513442993
62.450425148010254
62.69801330566406
62.6980299949646
62.95651721954346
62.956539154052734
63.217143058776855
63.476227045059204
63.47624921798706
63.72270727157593
63.72272300720215
63.722732067108154
63.72274088859558
63.72281813621521
63.72282814979553
63.72283697128296
63.72284698486328
63.722856283187866
63.72286510467529
63.722875118255615
63.72288513183594
63.72289514541626
63.72290515899658
63.72291612625122
63.72292613983154
63.72293710708618
63.72294807434082
63.722960233688354
63.72297215461731
63.72298312187195
63.72299528121948
63.981234073638916
64.2577269077301
64.51065015792847
64.51067304611206
64.76932120323181
65.01853013038635
65.01941394805908
65.26872110366821
65.2687349319458
65.52952313423157
65.78043103218079
65.78045320510864
66.04674911499023
66.32428121566772
66.32429313659668
66.32431316375732
66.57890105247498
66.5789201259613
66.57893395423889
66.57900309562683
66.8361599445343
67.10451197624207
67.10452508926392
67.10454297065735
67.36591506004333
67.62686109542847
67.62688422203064
67.62689304351807
67.94866299629211
67.94869709014893
67.94870710372925
67.94871711730957
68.21882319450378
68.2188401222229
68.21885418891907
68.4884991645813
68.48852205276489
68.4885311126709
68.4885401725769
68.48855018615723
68.48856019973755
68.75101518630981
68.75106811523438
68.75107908248901
68.7510871887207
68.75109601020813
68.75111222267151
68.75112223625183
68.75113701820374
68.75114703178406
68.75115609169006
69.02282214164734
69.02283310890198
69.02284693717957
69.02286100387573
69.02287006378174
69.02287888526917
69.30163621902466
69.30166006088257
69.30166912078857
69.30167818069458
69.301687002182
69.30169606208801
69.30170607566833
69.30171632766724
69.30172610282898
69.30173516273499
69.56796526908875
69.56798219680786
69.83952212333679
69.83953619003296
69.83954501152039
69.83955407142639
69.8395631313324
69.8395721912384
69.83958005905151
69.83959007263184
69.83959913253784
69.83960819244385
69.83961796760559
69.83962798118591
69.83964705467224
70.11557126045227
70.11566209793091
70.11567115783691
70.11567997932434
70.11568999290466
70.42804718017578
70.75661420822144
70.75663208961487
70.75664114952087
70.75665092468262
70.75665998458862
70.75666809082031
70.75667810440063
70.75668811798096
70.75669813156128
70.7567081451416
70.75671815872192
70.75672817230225
70.75673913955688
70.7567491531372
70.756765127182
71.04387402534485
71.04388499259949
71.04389500617981
71.04390501976013
71.04392433166504
71.04395532608032
71.04396510124207
71.04397511482239
71.33008408546448
71.33010721206665
71.6374020576477
71.961580991745
71.96159410476685
71.9616150856018
72.24323105812073
72.24325013160706
72.24325823783875
72.24326705932617
72.24327611923218
72.2432849407196
72.24329328536987
72.2433032989502
72.24331212043762
72.55214619636536
72.83744311332703
73.11508703231812
73.11522316932678
73.39641809463501
73.68248319625854
73.68250513076782
73.96410417556763
73.9641261100769
74.44888591766357
75.23169922828674
75.64708709716797
75.64731311798096
76.03394412994385
76.39104509353638
76.39106822013855
76.74386930465698
77.05015707015991
77.05017805099487
77.05018711090088
77.37765717506409
77.37766718864441
77.37768316268921
77.37770009040833
77.37771105766296
77.71133995056152
77.71134996414185
78.05585718154907
78.05587410926819
78.05589413642883
78.56253719329834
78.56256413459778
78.56257915496826
78.56258916854858
78.56259822845459
78.56260704994202
78.56261706352234
78.56262612342834
78.56263613700867
78.97654223442078
78.97655129432678
78.97656011581421
79.36558818817139
79.36559891700745
79.36562514305115
79.36563515663147
79.71410822868347
80.05783700942993
80.05784797668457
80.05785799026489
80.05786609649658
80.05788612365723
80.35409617424011
80.3541259765625
80.72607612609863
81.0595293045044
81.05955600738525
81.40879321098328
81.40880608558655
81.40881609916687
81.40882515907288
81.40884399414062
81.72403192520142
81.724112033844
81.72412204742432
81.724130153656
81.72413897514343
81.72414803504944
81.7241621017456
81.72417712211609
81.72418808937073
82.06810426712036
82.068115234375
82.06812524795532
82.06813526153564
82.06818914413452
82.06823229789734
82.0682442188263
82.06825494766235
82.06826901435852
82.06827902793884
82.40552711486816
82.40554523468018
82.4055552482605
82.4055700302124
82.70923209190369
82.70924305915833
82.70925712585449
83.06174993515015
83.06176710128784
83.06178092956543
83.41793608665466
83.75197100639343
83.75199317932129
84.06948924064636
84.39046216011047
84.39047908782959
84.70633316040039
84.70634412765503
84.70636510848999
85.02386713027954
85.02388310432434
85.39246892929077
85.70418500900269
85.70421123504639
86.0971200466156
86.44881296157837
86.44883012771606
86.44884395599365
86.8166389465332
87.16647124290466
87.16649222373962
87.16650700569153
87.5241310596466
87.52414202690125
87.52417397499084
87.52419924736023
87.52421116828918
87.5242211818695
87.52423119544983
87.84141993522644
87.84144115447998
87.84144997596741
88.16743922233582
88.16746115684509
88.50787091255188
88.83733606338501
88.83735918998718
89.23056101799011
89.56211805343628
89.56214213371277
89.89277791976929
90.24641823768616
90.24752306938171
90.65006613731384
91.05367398262024
91.05369591712952
91.44733119010925
91.44734621047974
91.8139922618866
91.8140070438385
92.17548322677612
92.17550611495972
92.5052900314331
92.50530099868774
92.50532031059265
92.8582091331482
92.85822415351868
92.85824298858643
93.20004916191101
93.54974794387817
93.54976916313171
93.89040303230286
93.8904161453247
94.24256825447083
94.24266123771667
94.66312313079834
95.02044415473938
95.02046608924866
95.40975832939148
95.80957412719727
96.24017095565796
96.24026107788086
96.626629114151
96.62663912773132
96.6266541481018
96.62666320800781
97.00100302696228
97.00102496147156
97.00103330612183
97.00104212760925
97.00105118751526
97.00106000900269
97.00106906890869
97.00107908248901
97.00108790397644
97.00110220909119
97.37038826942444
97.37040615081787
97.37041521072388
97.37042808532715
97.79626417160034
97.79627799987793
97.79628801345825
97.79630827903748
98.19302129745483
98.19303703308105
98.56451916694641
98.56453609466553
98.95158505439758
98.9516031742096
98.95161318778992
98.9516270160675
98.95163631439209
99.3287410736084
99.32875895500183
99.69748020172119
99.69749212265015
99.69751119613647
99.69752025604248
99.69752907752991
99.69753813743591
99.69754695892334
99.69755625724792
100.05017328262329
100.05018424987793
100.05019807815552
100.05021214485168
100.42572522163391
100.42574715614319
100.79448390007019
101.17006516456604
101.17008829116821
101.52650713920593
101.52651906013489
101.5265462398529
101.93906307220459
101.93907928466797
102.303631067276
102.30365109443665
102.30366110801697
102.65706324577332
102.65707588195801
102.65708518028259
102.6570942401886
102.65710306167603
102.65711307525635
102.65712213516235
102.65713095664978
102.6571409702301
102.65715098381042
102.65716600418091
102.65717720985413
102.65718698501587
102.65719819068909
102.65720796585083
102.65721917152405
102.65723013877869
102.65724325180054
102.65725421905518
102.65726613998413
102.65727710723877
102.65728998184204
102.65730214118958
102.65731501579285
102.65732717514038
103.02214121818542
103.02215313911438
103.02216219902039
103.02217125892639
103.0221791267395
103.02218794822693
103.02219700813293
103.02220630645752
103.02222514152527
103.48782730102539
103.48784399032593
103.91581797599792
104.2935140132904
104.29353427886963
104.66422700881958
105.2578821182251
105.25790905952454
105.87722611427307
106.63074111938477
106.63077187538147
107.1237690448761
107.64961504936218
107.649649143219
108.14359498023987
108.67122721672058
108.67125010490417
109.12852621078491
109.59893703460693
109.59896612167358
110.06506204605103
110.5010302066803
110.50105309486389
110.86528420448303
111.26359605789185
111.26363325119019
111.68796420097351
112.15072822570801
112.15075206756592
112.52592825889587
112.52595019340515
112.9418420791626
113.36681413650513
113.36684012413025
113.79358005523682
114.43262219429016
114.43274593353271
115.0645523071289
115.06457495689392
115.06458902359009
115.5946102142334
116.10352826118469
116.1035509109497
116.58869290351868
117.03942394256592
117.03951525688171
117.46038699150085
117.89687323570251
117.89689707756042
118.3653302192688
118.36534023284912
118.8140320777893
118.81406617164612
118.81407403945923
119.2421202659607
119.24213290214539
119.24215126037598
119.24216508865356
119.24217319488525
119.70754718780518
119.70756125450134
119.70757508277893
119.70758509635925
120.1574330329895
120.15745520591736
120.15746402740479
120.58643293380737
120.58645510673523
121.00237107276917
121.44885802268982
121.44888401031494
121.87223315238953
121.87225008010864
122.30397510528564
122.30399203300476
122.30400609970093
122.71786999702454
123.1307921409607
123.13082695007324
123.57004809379578
123.98232316970825
123.98234534263611
124.39931631088257
124.83344101905823
124.83349609375
125.28405714035034
125.70188522338867
125.70197606086731
126.17798399925232
126.62959218025208
127.07264304161072
127.0727059841156
127.50861406326294
127.9592182636261
127.95924115180969
128.46865510940552
128.96493911743164
128.96496415138245
129.40803909301758
129.8754439353943
129.87546610832214
130.31943106651306
130.82324814796448
130.82327008247375
131.32068920135498
131.78583121299744
131.7858543395996
132.25428295135498
132.80870604515076
132.80873227119446
133.3552601337433
133.85787796974182
133.85789608955383
134.45841813087463
134.45844411849976
135.3729112148285
135.37294721603394
136.06056714057922
136.7772650718689
136.77729725837708
137.43248319625854
138.0068850517273
138.00691103935242
138.55915522575378
138.5591652393341
138.55917406082153
139.30972695350647
139.3097641468048
140.27901911735535
140.86137413978577
140.8613941669464
140.8614161014557
141.45854210853577
141.45855903625488
141.45857000350952
141.4585793018341
142.03582096099854
142.03584718704224
142.03585624694824
142.0358703136444
142.03587913513184
142.58386301994324
142.5838861465454
143.10713124275208
143.10715913772583
143.60012221336365
144.0659761428833
144.06605100631714
144.5361032485962
145.0659601688385
145.06597924232483
145.065993309021
145.06600332260132
145.60609197616577
145.60611033439636
146.14687609672546
146.14690017700195
146.73129415512085
147.34525513648987
147.34527826309204
147.3452970981598
147.87537097930908
147.87539911270142
148.35378909111023
148.3538920879364
148.86013627052307
149.41207695007324
149.41211700439453
149.96450805664062
149.96453619003296
149.96455025672913
149.9645712375641
149.964586019516
150.4923713207245
150.49239325523376
151.04887318611145
151.6952030658722
151.69528317451477
152.2827751636505
152.2828242778778
152.2828369140625
152.28287410736084
152.282888174057
152.8272581100464
152.82727122306824
152.82728004455566
152.82729506492615
152.82731008529663
153.35562109947205
153.35564613342285
153.35565900802612
153.9097990989685
153.90981030464172
153.90981912612915
153.90983510017395
154.42445611953735
154.42447304725647
154.42448616027832
154.95105814933777
155.491131067276
155.4911880493164
156.04534816741943
156.0453600883484
156.677973985672
156.67799711227417
156.6780080795288
156.67801809310913
156.67802691459656
156.67803621292114
156.67804527282715
156.67806005477905
156.67808508872986
156.67809510231018
156.6781051158905
156.67811608314514
157.2804081439972
157.8700511455536
157.87013816833496
158.45341420173645
159.0180721282959
159.0180950164795
159.5834722518921
160.20113611221313
160.20117235183716
160.86795806884766
160.86798405647278
161.41516613960266
161.41518998146057
162.06819605827332
162.0682201385498
162.76686716079712
162.76689100265503
162.76690101623535
163.44160199165344
164.01195120811462
164.01197409629822
164.72278594970703
164.72280406951904
165.82404398918152
165.8240942955017
166.70371508598328
167.58973908424377
167.58977818489075
168.21934509277344
168.21936297416687
168.824969291687
169.57224106788635
169.57225799560547
169.57226705551147
169.57228422164917
170.49677896499634
170.49683022499084
171.2362880706787
171.2363052368164
171.23631405830383
171.23632407188416
171.23633408546448
171.23634314537048
171.23635411262512
171.23636293411255
171.2365002632141
171.23651814460754
171.23655915260315
171.23659014701843
171.23660707473755
171.2366189956665
171.23665809631348
171.23667311668396
171.23669600486755
171.85131525993347
171.85133528709412
172.45131516456604
172.45132517814636
172.45133423805237
172.4513442516327
172.4513590335846
173.01710104942322
173.01712727546692
173.01713609695435
173.01714515686035
173.56973004341125
173.56974720954895
173.56975507736206
173.5697681903839
173.56977605819702
174.19315719604492
174.8520359992981
174.8520472049713
174.85205721855164
174.85206604003906
174.85208010673523
174.85208916664124
174.85209798812866
174.85211205482483
174.85212111473083
174.85213112831116
175.56073808670044
175.5607590675354
176.28102922439575
176.28105330467224
176.28106212615967
176.28107690811157
176.2810869216919
176.28109622001648
176.2811062335968
176.28111505508423
176.28112411499023
176.28113412857056
176.28114414215088
177.00588417053223
177.65429615974426
177.65435218811035
178.229238986969
178.22947096824646
178.7924861907959
178.79251313209534
179.40359807014465
179.40360808372498
180.02315306663513
180.0232412815094
180.66300511360168
181.40932607650757
181.40935397148132
182.1216630935669
182.1216733455658
182.78689002990723
182.78691411018372
183.45397114753723
183.45399403572083
184.0570752620697
184.63685202598572
184.6368670463562
185.2417471408844
185.88423800468445
185.8842580318451
186.55445408821106
186.55447697639465
187.25647401809692
187.25648713111877
187.95977425575256
187.95979523658752
188.6850643157959
189.41223406791687
189.412260055542
190.07728815078735
190.79437899589539
190.79440927505493
191.57105112075806
192.36392498016357
192.36395001411438
192.36403608322144
193.11678218841553
193.11680507659912
193.11682033538818
193.1168282032013
193.8341748714447
194.56787204742432
194.56789302825928
194.5679850578308
195.52831721305847
195.52834105491638
196.3556981086731
197.5057351589203
197.50575995445251
198.70480918884277
199.91622710227966
199.91626691818237
200.8741660118103
200.8741910457611
201.5450029373169
202.2002501487732
202.20032811164856
202.9285020828247
203.7164101600647
203.71643114089966
204.50436401367188
205.33543920516968
205.33549523353577
206.10350513458252
206.91263818740845
206.91359400749207
207.6585111618042
208.42143893241882
208.42146515846252
209.1165051460266
209.79969930648804
209.79972910881042
210.52749013900757
211.23706007003784
211.23709416389465
212.01490807533264
212.79699206352234
212.79709100723267
213.5231740474701
214.20021605491638
214.20024609565735
215.10018825531006
215.10019826889038
215.1002070903778
215.10021805763245
215.10022616386414
215.91813707351685
215.91818022727966
216.7665672302246
217.4536030292511
218.15981101989746
218.15983200073242
218.9311239719391
218.93115901947021
219.7886610031128
220.52892017364502
220.52895212173462
221.27232003211975
221.27234029769897
222.05475616455078
222.05481696128845
222.86253118515015
222.86256313323975
223.6550509929657
223.65508198738098
224.39957308769226
224.39958906173706
225.09364199638367
225.81209015846252
225.81211304664612
226.48855900764465
227.25824213027954
227.25827193260193
227.25828194618225
227.25829124450684
227.25830125808716
227.2583131790161
227.25832414627075
227.25836205482483
227.2583830356598
227.25839710235596
227.25850319862366
227.2585163116455
227.25852704048157
227.25853896141052
227.25855112075806
227.258563041687
227.25857400894165
227.25858616828918
227.25859808921814
227.25860905647278
227.25862216949463
227.25863599777222
227.25864911079407
227.25866222381592
227.2586750984192
227.25868797302246
227.25870203971863
227.2587161064148
227.25872921943665
227.25874400138855
227.2587592601776
227.25877404212952
227.2587890625
227.26020121574402
227.26022291183472
227.26025414466858
227.2602961063385
227.26031613349915
227.26033306121826
227.26035022735596
227.2603828907013
227.2604410648346
227.26046800613403
227.26048707962036
227.2605061531067
227.26052498817444
227.26054501533508
227.2605631351471
227.26058220863342
228.0963351726532
228.09634613990784
228.09635615348816
228.0963990688324
229.25366306304932
229.25369215011597
229.2537021636963
229.25371527671814
230.39853405952454
230.3985731601715
231.46021604537964
231.46035027503967
232.34546208381653
232.34548115730286
232.34549617767334
232.34550499916077
232.34551334381104
232.34552216529846
233.2954659461975
234.17561507225037
235.05154418945312
235.0515661239624
236.30020403862
237.26991891860962
237.26995611190796
238.13247418403625
238.94911003112793
238.9491970539093
238.94921112060547
239.7810389995575
239.78104901313782
239.78105807304382
239.78106713294983
239.78107690811157
239.7810881137848
239.78109908103943
239.78110790252686
239.78111815452576
239.78112721443176
239.78113722801208
239.7811472415924
239.78115701675415
239.78116703033447
239.7811770439148
239.78118920326233
239.78120017051697
239.78121423721313
239.78123211860657
239.7812442779541
240.61279320716858
240.61280512809753
240.61281609535217
240.61283087730408
241.39445805549622
241.39450216293335
242.25874710083008
242.25877904891968
242.2587890625
242.25880312919617
242.25881218910217
242.2588222026825
242.25883102416992
242.25884103775024
242.25885009765625
242.25886011123657
242.2588710784912
243.18537020683289
243.18538117408752
243.18539428710938
243.18540406227112
243.18541526794434
243.18542408943176
243.18543314933777
243.1854431629181
243.18545198440552
243.18546104431152
243.18547105789185
243.18548130989075
243.18549227714539
243.1855022907257
243.96651697158813
243.96655201911926
244.7091190814972
244.70914316177368
244.70915412902832
244.70916295051575
244.70922589302063
244.70923590660095
244.71010828018188
244.7101230621338
245.4761781692505
245.47619605064392
245.47620916366577
246.3086290359497
246.30864000320435
246.30864930152893
246.30865812301636
246.30866718292236
246.3086760044098
246.3086850643158
246.3087100982666
246.30872011184692
246.30879998207092
246.30880999565125
246.30882024765015
246.3088309764862
246.3088412284851
246.30885124206543
246.3088629245758
246.30887508392334
246.30889225006104
247.13993906974792
247.1399540901184
247.13996529579163
247.98792600631714
247.98794221878052
247.98795104026794
247.9879641532898
247.9879720211029
248.9031102657318
248.90312814712524
249.7833342552185
249.78341007232666
249.78345227241516
250.7065510749817
250.70657110214233
251.66877007484436
251.66879320144653
251.66880202293396
251.66881108283997
251.66882014274597
251.66882920265198
251.66883826255798
251.66884803771973
251.66885709762573
251.66886615753174
251.66887593269348
251.6688859462738
251.66889595985413
251.66890597343445
251.6689169406891
251.66892790794373
251.66893792152405
251.6689488887787
252.58759021759033
252.5876190662384
252.5876281261444
252.58764100074768
253.4578139781952
253.4578652381897
253.45787692070007
253.45788621902466
253.45789408683777
253.45790314674377
253.4579119682312
253.45792627334595
253.4579360485077
254.487633228302
254.48766112327576
255.44075202941895
255.44076800346375
256.4101359844208
256.4101622104645
256.41017603874207
257.3611261844635
258.23965787887573
258.2397632598877
259.12101912498474
259.1210370063782
259.12105417251587
259.1210689544678
260.13699293136597
260.13702297210693
261.1698112487793
261.1698281764984
261.1698431968689
262.0721101760864
262.07212710380554
262.07213711738586
262.07214617729187
262.0721552371979
262.0721662044525
262.07217502593994
262.07218503952026
262.0722041130066
262.96207904815674
263.8855080604553
263.886883020401
263.88689613342285
264.74194407463074
264.7419970035553
265.78764510154724
267.04312109947205
267.04316806793213
268.15321493148804
269.09217500686646
269.09221506118774
270.0176031589508
270.95893716812134
270.9589741230011
271.981436252594
272.90472316741943
272.90475702285767
273.8252992630005
274.67478919029236
274.6748161315918
275.5509560108185
276.4792912006378
276.47930431365967
276.4794030189514
276.4794180393219
276.47943019866943
277.48873591423035
277.48876309394836
277.48879313468933
277.48880410194397
277.4888210296631
278.40682220458984
278.4068441390991
279.2782390117645
280.1779680252075
280.1780090332031
281.10849618911743
281.108519077301
282.03824830055237
282.0382640361786
282.93123292922974
283.94997811317444
283.9500021934509
283.9500181674957
284.86427211761475
284.86428904533386
285.74278497695923
285.74282217025757
286.58877325057983
286.58878993988037
287.682324886322
287.6823489665985
288.74261021614075
288.74265813827515
289.716765165329
289.7167911529541
290.7308232784271
290.73084807395935
291.8343930244446
291.83440613746643
291.8344271183014
292.850191116333
292.8502151966095
293.950070142746
293.9501030445099
294.9155580997467
294.91614413261414
295.86713314056396
295.8671579360962
295.86717200279236
295.8671820163727
296.9963800907135
296.9964680671692
298.42072319984436
299.5414819717407
299.54150009155273
299.5415151119232
300.63210797309875
300.6321611404419
301.59801506996155
301.59804010391235
302.5369200706482
302.5369350910187
303.49981808662415
303.4998450279236
304.37829303741455
304.3783121109009
304.3783221244812
304.37834119796753
305.4171681404114
305.4171829223633
306.42493629455566
307.42176604270935
307.42179012298584
307.42179918289185
308.42424392700195
308.4242579936981
308.42427110671997
309.3800971508026
309.38013100624084
309.3801431655884
309.3801691532135
309.3801851272583
309.3801939487457
310.44150018692017
311.62428617477417
311.6243109703064
311.6243209838867
311.6243472099304
311.6243612766266
311.624370098114
313.1261339187622
313.1261692047119
313.1263391971588
314.5345551967621
314.5346040725708
315.84054017066956
315.8405659198761
315.8405749797821
316.9429440498352
316.94296002388
316.94298124313354
318.08826518058777
318.08828115463257
318.0882942676544
319.1891860961914
319.189208984375
320.5892541408539
320.58929109573364
322.0586380958557
322.0586931705475
323.16031217575073
323.1603219509125
323.16033816337585
323.16034722328186
323.1603560447693
323.1603670120239
323.16037917137146
323.1603879928589
323.1603980064392
323.16040802001953
323.16041707992554
323.1604280471802
323.1604390144348
323.16044902801514
324.25931692123413
324.2593650817871
325.3117423057556
326.39293098449707
326.392982006073
327.71592116355896
329.37458515167236
329.37461614608765
329.37463903427124
330.7858350276947
330.78586411476135
331.8027091026306
332.9476511478424
332.94767904281616
333.97533106803894
335.3758211135864
335.37595224380493
336.65493512153625
336.6549479961395
336.65496706962585
337.648962020874
338.73493218421936
338.73500204086304
339.736407995224
340.7162971496582
340.7163510322571
341.81750226020813
341.81751322746277
341.8175210952759
341.8175370693207
342.9281930923462
343.96616435050964
343.96618700027466
344.9957449436188
346.0766923427582
346.07684111595154
347.08830213546753
347.08834624290466
348.19206404685974
348.19208121299744
348.1921389102936
349.26854610443115
349.2686381340027
350.4067392349243
351.9616770744324
351.9617211818695
353.41434693336487
355.3788001537323
355.37884616851807
357.4426019191742
358.92175102233887
358.9217929840088
359.99434518814087
361.2141201496124
