0, 0.000652
29, 0.000919
30, 0.000837
33, 0.000839
35, 0.000728
37, 0.000287
99, 0.001939
115, 0.003552
139, 0.002421
140, 0.001812
143, 0.001078
144, 0.00046
147, 0.002829
148, 0.003217
150, 0.002231
152, 0.001078
153, 0.00158
154, 0.002503
158, 0.004592
160, 0.0017
161, 0.003107
163, 0.001217
164, 0.002476
167, 0.001827
174, 0.000724
176, 0.00244
317, 0.002942
341, 0.002414
355, 0.005955
380, 0.005053
406, 0.004244
409, 0.002867
410, 0.003571
412, 0.005731
415, 0.004405
416, 0.00503
419, 0.004544
421, 0.003382
423, 0.002395
427, 0.002273
430, 0.002924
433, 0.001348
436, 0.004897
437, 0.003577
440, 0.003852
443, 0.004322
446, 0.003408
448, 0.002031
450, 0.005772
452, 0.004682
454, 0.004967
460, 0.002504
462, 0.003436
464, 0.004063
465, 0.002716
468, 0.002332
470, 0.000431
472, 0.002633
475, 0.000491
477, 0.002438
481, 0.002302
486, 0.002408
487, 0.004177
489, 0.005113
491, 0.005029
493, 0.002803
495, 0.005558
496, 0.002757
498, 0.003659
500, 0.00443
502, 0.004494
505, 0.001036
507, 0.002724
509, 0.001153
511, 0.002517
512, 0.002761
514, 0.004005
516, 0.004289
518, 0.003583
520, 0.004086
525, 0.004403
526, 0.000701
528, 0.002615
529, 0.002644
532, 0.002882
533, 0.004026
536, 0.003313
538, 0.004105
540, 0.002934
542, 0.003881
543, 0.003915
545, 0.000664
546, 0.00227
548, 0.003524
551, 0.003535
552, 0.004179
554, 0.003838
555, 0.004235
557, 0.003354
577, 0.004083
598, 0.005729
748, 0.001919
757, 0.003917
783, 0.004205
789, 0.005278
790, 0.000789
793, 0.002247
794, 0.003012
796, 0.003019
797, 0.002594
799, 0.002479
802, 0.00123
806, 0.003962
819, 0.004146
822, 0.001985
825, 0.002665
826, 0.002954
828, 0.003653
829, 0.003214
831, 0.003204
833, 0.002856
834, 0.000965
837, 0.00274
838, 0.002831
840, 0.003161
841, 0.003148
843, 0.003176
844, 0.002921
846, 0.003894
848, 0.0027
849, 0.004013
851, 0.002141
852, 0.002119
854, 0.002365
855, 0.003385
858, 0.003127
860, 0.003253
861, 0.003985
866, 0.003272
868, 0.003848
870, 0.003877
871, 0.001419
873, 0.002839
887, 0.00267
888, 0.003704
891, 0.004611
892, 0.003462
894, 0.003577
895, 0.004705
897, 0.003843
898, 0.003548
900, 0.001125
901, 0.003004
903, 0.00307
904, 0.003252
906, 0.003183
907, 0.003651
909, 0.003627
910, 0.002673
912, 0.00316
913, 0.003469
915, 0.000787
916, 0.001919
918, 0.002854
919, 0.003169
921, 0.002851
922, 0.00296
924, 0.0033
925, 0.003507
927, 0.003105
928, 0.003655
930, 0.000775
931, 0.002416
934, 0.002916
936, 0.003055
937, 0.002673
939, 0.002711
945, 0.003236
946, 0.00414
949, 0.002653
954, 0.00339
968, 0.001632
970, 0.003055
971, 0.002945
973, 0.002961
974, 0.002792
977, 0.003094
978, 0.002515
1040, 0.002415
1059, 0.003769
1079, 0.003806
1089, 0.002723
1109, 0.004067
1111, 0.00544
1113, 0.002969
1115, 0.002743
1116, 0.003204
1118, 0.003246
1119, 0.004117
1121, 0.002976
1147, 0.003714
1151, 0.00196
1176, 0.00447
1188, 0.002825
1194, 0.003945
1212, 0.004337
1214, 0.002939
1216, 0.004059
1217, 0.004017
1219, 0.00446
1220, 0.004393
1223, 0.001438
1224, 0.003591
1226, 0.00366
1227, 0.004353
1230, 0.003595
1231, 0.003577
1235, 0.002159
1238, 0.002135
1240, 0.002134
1255, 0.002653
1258, 0.001567
1259, 0.00202
1261, 0.002282
1264, 0.003682
1265, 0.002949
1267, 0.003613
1268, 0.00404
1270, 0.003702
1273, 0.003345
1275, 0.004003
1276, 0.001605
1278, 0.004217
1279, 0.004023
1281, 0.00348
1282, 0.004083
1284, 0.004199
1286, 0.004757
1288, 0.004625
1289, 0.004818
1291, 0.005345
1292, 0.001809
1295, 0.004102
1303, 0.004073
1304, 0.004237
1306, 0.007899
1307, 0.004255
1309, 0.005512
1311, 0.003973
1313, 0.005065
1314, 0.005553
1316, 0.001237
1318, 0.003949
1320, 0.003554
1324, 0.003564
1325, 0.005451
1327, 0.001945
1329, 0.004155
1330, 0.003986
1332, 0.003876
1334, 0.003968
1337, 0.002066
1339, 0.00299
1341, 0.003202
1344, 0.004183
1346, 0.004683
1347, 0.005849
1350, 0.005818
1353, 0.006044
1354, 0.005959
1356, 0.006628
1359, 0.001897
1360, 0.00294
1365, 0.004174
1366, 0.003069
1368, 0.003317
1369, 0.00371
1371, 0.00332
1372, 0.003406
1374, 0.003618
1376, 0.003088
1377, 0.001362
1390, 0.003952
1410, 0.003763
1411, 0.003394
1414, 0.003836
1416, 0.003895
1418, 0.003708
1440, 0.004074
1443, 0.004015
1445, 0.003951
1446, 0.001811
1448, 0.004215
1449, 0.004283
1451, 0.004059
1452, 0.004218
1454, 0.003726
1456, 0.004416
1457, 0.003379
1459, 0.003967
1460, 0.003853
1462, 0.001333
1464, 0.003565
1466, 0.003297
1467, 0.003633
1470, 0.00323
1478, 0.004527
1479, 0.004498
1481, 0.003838
1484, 0.004062
1485, 0.005485
1505, 0.001379
1507, 0.0037
1510, 0.003487
1512, 0.003102
1513, 0.00345
1515, 0.003643
1517, 0.003419
1519, 0.003493
1520, 0.003618
1522, 0.003528
1523, 0.001384
1525, 0.003149
1526, 0.003643
1528, 0.003615
1530, 0.003391
1532, 0.003322
1533, 0.002928
1535, 0.003251
1536, 0.004463
1538, 0.004146
1539, 0.001298
1540, 0.003079
1541, 0.004258
1543, 0.003492
1545, 0.002949
1546, 0.003447
1548, 0.003307
1549, 0.004366
1551, 0.003809
1552, 0.003364
1554, 0.001209
1556, 0.003396
1559, 0.003477
1561, 0.003466
1562, 0.003142
1564, 0.002773
1567, 0.002911
1568, 0.003326
1571, 0.003387
1572, 0.003886
1575, 0.001353
1577, 0.003665
1589, 0.003677
1590, 0.004527
1592, 0.004391
1593, 0.003807
1595, 0.003536
1596, 0.003313
1599, 0.002881
1600, 0.003027
1602, 0.002262
1603, 0.003818
1606, 0.002813
1607, 0.006508
1608, 0.003748
1610, 0.003373
1611, 0.004963
1613, 0.005416
1614, 0.003139
1616, 0.004182
1617, 0.002385
1619, 0.004947
1620, 0.006201
1622, 0.006479
1623, 0.003759
1625, 0.003655
1626, 0.003518
1628, 0.003752
1630, 0.003488
1632, 0.003593
1633, 0.001645
1635, 0.003704
1636, 0.004205
1638, 0.004131
1639, 0.003579
1643, 0.004357
1644, 0.004841
1647, 0.003128
1650, 0.003532
1653, 0.003602
1663, 0.001887
1665, 0.004241
1666, 0.003859
1669, 0.004272
1670, 0.003042
1672, 0.00341
1673, 0.00442
1675, 0.004593
1677, 0.004035
1678, 0.004763
1680, 0.001674
1681, 0.003947
1683, 0.003906
1684, 0.004146
1686, 0.004055
1689, 0.003927
1692, 0.00422
1695, 0.004055
1697, 0.003627
1699, 0.002622
1701, 0.001626
1702, 0.002071
1704, 0.002286
1706, 0.003135
1708, 0.002324
1709, 0.004402
1711, 0.003078
1712, 0.00407
1714, 0.004182
1715, 0.003811
1717, 0.001798
1718, 0.003577
1720, 0.004038
1721, 0.004232
1723, 0.002687
1724, 0.003006
1726, 0.003479
1730, 0.004016
1733, 0.005145
1740, 0.005768
1741, 0.001468
1744, 0.004544
1746, 0.004309
1748, 0.004774
1749, 0.004205
1751, 0.003201
1773, 0.003398
1777, 0.003366
1778, 0.003275
1782, 0.003409
1851, 0.005444
1854, 0.002456
1856, 0.004054
1858, 0.004048
1860, 0.003926
1863, 0.004442
1865, 0.004323
1866, 0.0042
1868, 0.00394
1871, 0.004284
1872, 0.002467
1874, 0.005015
1875, 0.004099
1878, 0.004809
1880, 0.004652
1881, 0.003809
1883, 0.004249
1884, 0.00412
1888, 0.005172
1894, 0.00388
1895, 0.002581
1897, 0.006175
1898, 0.006593
1900, 0.003301
1903, 0.003713
1905, 0.004149
1906, 0.004391
1908, 0.004139
1909, 0.004032
1912, 0.003849
1913, 0.003947
1914, 0.003503
1915, 0.003145
1917, 0.003246
1920, 0.00387
1921, 0.003818
1999, 0.004545
2020, 0.004927
2023, 0.0035
2031, 0.00525
2033, 0.004067
2034, 0.005164
2036, 0.004886
2038, 0.0053
2039, 0.005658
2044, 0.005786
2045, 0.005138
2047, 0.005201
2048, 0.007106
2052, 0.006598
2055, 0.002103
2058, 0.003421
2059, 0.002227
2061, 0.003614
2063, 0.003757
2064, 0.002488
2065, 0.003898
2066, 0.004014
2122, 0.003897
2128, 0.005354
2130, 0.004107
2132, 0.003169
2133, 0.004281
2137, 0.004302
2145, 0.00449
2146, 0.00454
2148, 0.004778
2150, 0.005304
2154, 0.005406
2155, 0.005637
2158, 0.001894
2160, 0.004132
2162, 0.004035
2163, 0.00453
2165, 0.003742
2166, 0.004202
2168, 0.003973
2171, 0.004073
2172, 0.004124
2175, 0.003537
2177, 0.001816
2180, 0.003832
2181, 0.003449
2183, 0.003589
2184, 0.003251
2186, 0.004209
2187, 0.003145
2189, 0.004999
2190, 0.00278
2199, 0.003932
2200, 0.001764
2203, 0.003689
2204, 0.004212
2205, 0.003976
2207, 0.004263
2209, 0.004187
2211, 0.003971
2214, 0.005034
2217, 0.003852
2218, 0.004801
2220, 0.002675
2221, 0.003971
2223, 0.003642
2225, 0.004047
2227, 0.004625
2235, 0.002696
2236, 0.003518
2238, 0.004062
2242, 0.004543
2243, 0.003779
2246, 0.001944
2247, 0.004244
2249, 0.004223
2250, 0.003527
2277, 0.004294
2278, 0.005536
2281, 0.003828
2284, 0.003464
2327, 0.004717
2328, 0.005064
2330, 0.001894
2331, 0.00437
2333, 0.004582
2334, 0.00469
2336, 0.003946
2338, 0.004519
2339, 0.004585
2341, 0.004265
2342, 0.004847
2344, 0.005401
2345, 0.001818
2347, 0.003119
2348, 0.002631
2350, 0.00412
2351, 0.004448
2353, 0.003888
2355, 0.003962
2356, 0.003515
2358, 0.004505
2359, 0.003922
2360, 0.002072
2362, 0.004226
2363, 0.004028
2365, 0.00537
2367, 0.002296
2369, 0.004184
2371, 0.00495
2373, 0.004228
2374, 0.005415
2376, 0.004143
2377, 0.002271
2379, 0.004116
2380, 0.004716
2382, 0.004285
2383, 0.004737
2385, 0.005288
2386, 0.003245
2388, 0.003961
2389, 0.004355
2391, 0.004793
2392, 0.002398
2394, 0.00416
2395, 0.005472
2397, 0.003409
2398, 0.004091
2400, 0.004489
2401, 0.004361
2404, 0.004506
2405, 0.00505
2407, 0.00419
2408, 0.002548
2410, 0.004527
2412, 0.004722
2413, 0.004508
2415, 0.004899
2416, 0.004081
2420, 0.004806
2422, 0.005082
2424, 0.00472
2427, 0.004752
2428, 0.001979
2430, 0.003664
2432, 0.00428
2435, 0.00433
2437, 0.004259
2440, 0.003986
2441, 0.004141
2443, 0.004096
2444, 0.004176
2446, 0.003793
2447, 0.002666
2449, 0.004617
2451, 0.005038
2452, 0.006278
2453, 0.004927
2456, 0.005427
2458, 0.004753
2459, 0.005878
2461, 0.005224
2462, 0.004667
2466, 0.002727
2468, 0.003767
2469, 0.004446
2471, 0.003958
2473, 0.003842
2474, 0.003677
2483, 0.003657
2487, 0.003925
2488, 0.003614
2501, 0.004228
2505, 0.002701
2506, 0.003309
2509, 0.005745
2511, 0.002955
2534, 0.004286
2536, 0.00466
2538, 0.003816
2539, 0.004165
2541, 0.004315
2544, 0.00465
2545, 0.002565
2548, 0.005897
2551, 0.005618
2552, 0.003972
2554, 0.004775
2555, 0.004206
2558, 0.004945
2560, 0.004237
2562, 0.004187
2564, 0.003959
2565, 0.002499
2568, 0.004425
2569, 0.003723
2572, 0.004069
2573, 0.004742
2575, 0.004522
2576, 0.004248
2578, 0.004836
2579, 0.004712
2582, 0.005153
2583, 0.001749
2585, 0.004152
2587, 0.003582
2589, 0.003892
2590, 0.003386
2593, 0.003706
2594, 0.004169
2605, 0.004023
2606, 0.004273
2609, 0.004096
2618, 0.002253
2621, 0.005099
2623, 0.004205
2624, 0.004693
2626, 0.004569
2627, 0.004294
2629, 0.003716
2631, 0.004738
2632, 0.005455
2634, 0.003777
2635, 0.002452
2637, 0.004542
2639, 0.004761
2640, 0.004278
2642, 0.004717
2643, 0.004162
2645, 0.003313
2647, 0.003399
2648, 0.0043
2650, 0.00466
2651, 0.003599
2653, 0.004681
2654, 0.007338
2656, 0.005184
2657, 0.005513
2659, 0.005407
2660, 0.00587
2662, 0.006166
2663, 0.005563
2665, 0.008224
2666, 0.006138
2667, 0.003053
2669, 0.005342
2670, 0.008623
2672, 0.003315
2673, 0.0047
2675, 0.004085
2678, 0.004373
2680, 0.005849
2681, 0.00603
2683, 0.002739
2687, 0.006002
2690, 0.007964
2692, 0.005075
2694, 0.005218
2697, 0.003915
2699, 0.005073
2701, 0.004632
2703, 0.005043
2704, 0.006701
2706, 0.003325
2707, 0.004153
2710, 0.004478
2713, 0.004755
2714, 0.006085
2715, 0.00406
2717, 0.004745
2719, 0.003955
2721, 0.004306
2723, 0.004376
2724, 0.002727
2727, 0.004957
2728, 0.004957
2730, 0.004084
2731, 0.004831
2733, 0.003792
2734, 0.004179
2736, 0.004818
2737, 0.004848
2739, 0.0043
2741, 0.002954
2744, 0.005425
2746, 0.005076
2750, 0.004122
2752, 0.005115
2754, 0.004219
2755, 0.004025
2758, 0.004725
2760, 0.004637
2761, 0.003785
2766, 0.004928
2768, 0.006359
2771, 0.006104
2803, 0.005461
2806, 0.004178
2808, 0.00479
2810, 0.004062
2812, 0.007082
2816, 0.006445
2817, 0.006938
2819, 0.003772
2821, 0.005376
2824, 0.00627
2825, 0.006474
2827, 0.00322
2830, 0.006311
2831, 0.006025
2835, 0.00463
2837, 0.005023
2838, 0.004908
2840, 0.003844
2841, 0.005417
2843, 0.005439
2845, 0.005277
2848, 0.006129
2850, 0.009009
2852, 0.006979
2858, 0.005974
2860, 0.005346
2862, 0.005837
2863, 0.002766
2866, 0.004238
2867, 0.00538
2869, 0.004876
2870, 0.004998
2873, 0.006133
2874, 0.003737
2876, 0.005175
2877, 0.004795
2879, 0.004224
2880, 0.002866
2881, 0.003466
2907, 0.004455
2935, 0.00666
2939, 0.003518
2940, 0.004939
2943, 0.003519
2944, 0.004348
2946, 0.004713
2948, 0.00431
2950, 0.002145
2955, 0.003331
2956, 0.003728
2964, 0.004342
2974, 0.00451
2976, 0.004991
2978, 0.002932
2982, 0.003761
2983, 0.00399
2985, 0.004337
2987, 0.001915
2988, 0.003689
2990, 0.004137
3002, 0.003994
3007, 0.005626
3008, 0.004736
3010, 0.004749
3011, 0.005681
3013, 0.005114
3014, 0.005385
3016, 0.003337
3017, 0.005473
3019, 0.005627
3020, 0.005069
3022, 0.00557
3023, 0.005295
3026, 0.003763
3029, 0.004244
3030, 0.004417
3032, 0.003899
3033, 0.002639
3035, 0.005343
3036, 0.00503
3038, 0.004249
3039, 0.004988
3041, 0.004152
3043, 0.004692
3045, 0.005285
3046, 0.004805
3048, 0.005006
3050, 0.002807
3052, 0.005304
3053, 0.004374
3055, 0.004815
3056, 0.005127
3058, 0.005665
3068, 0.006818
3073, 0.007901
3075, 0.007022
3076, 0.00753
3078, 0.003146
3080, 0.003652
3082, 0.003398
3084, 0.003386
3085, 0.003234
3087, 0.003716
3088, 0.002991
3090, 0.003059
3092, 0.003581
3094, 0.004278
3095, 0.002417
3099, 0.004084
3101, 0.003894
3102, 0.004879
3104, 0.004909
3106, 0.004793
3107, 0.004609
3109, 0.004831
3110, 0.003935
3112, 0.004871
3113, 0.00247
3115, 0.0047
3117, 0.003666
3118, 0.003749
3120, 0.004254
3121, 0.003785
3123, 0.004181
3124, 0.005118
3126, 0.003936
3127, 0.003745
3129, 0.002524
3130, 0.004063
3132, 0.004587
3133, 0.004125
3136, 0.004016
3137, 0.004542
3142, 0.004357
3144, 0.00448
3146, 0.004895
3147, 0.004109
3157, 0.002442
3158, 0.003257
3160, 0.003224
3161, 0.004692
3163, 0.005259
3164, 0.003278
3166, 0.00265
3167, 0.003664
3169, 0.003299
3171, 0.00339
3172, 0.00244
3174, 0.004427
3175, 0.004451
3178, 0.003924
3179, 0.004625
3182, 0.004942
3183, 0.004281
3185, 0.004356
3187, 0.004565
3188, 0.004443
3190, 0.002519
3193, 0.004058
3197, 0.003734
3198, 0.003739
3200, 0.003988
3201, 0.004222
3203, 0.0048
3204, 0.004325
3206, 0.003852
3207, 0.005269
3209, 0.002231
3211, 0.004372
3212, 0.003275
3217, 0.004387
3218, 0.004205
3222, 0.005124
3225, 0.004752
3227, 0.005117
3230, 0.005248
3234, 0.006241
3235, 0.002335
3238, 0.005517
3240, 0.005313
3241, 0.005785
3244, 0.005283
3246, 0.005922
3248, 0.005452
3253, 0.005949
3256, 0.00607
3258, 0.005899
3261, 0.002713
3263, 0.004627
3267, 0.004729
3268, 0.003154
3271, 0.003227
3272, 0.003122
3274, 0.003496
3276, 0.003161
3278, 0.004539
3279, 0.0063
3282, 0.002778
3285, 0.004593
3306, 0.004428
3311, 0.004706
3312, 0.004289
3314, 0.005432
3316, 0.004249
3317, 0.005157
3322, 0.004287
3324, 0.003899
3325, 0.002735
3328, 0.00368
3329, 0.004269
3344, 0.004865
3349, 0.004773
3350, 0.005088
3352, 0.003986
3353, 0.004239
3355, 0.005439
3356, 0.004266
3359, 0.003374
3361, 0.005058
3362, 0.003858
3364, 0.005053
3366, 0.00464
3373, 0.004507
3374, 0.003252
3375, 0.004873
3376, 0.004923
3378, 0.003699
3384, 0.0033
3389, 0.005809
3391, 0.005177
3393, 0.005534
3395, 0.004525
3397, 0.004481
3398, 0.00426
3413, 0.004504
3415, 0.004839
3416, 0.003806
3418, 0.00235
3420, 0.003487
3435, 0.004444
3453, 0.004729
3455, 0.004336
3460, 0.005269
3465, 0.003569
3467, 0.00393
3470, 0.004726
3472, 0.005111
3474, 0.002757
3476, 0.003898
3477, 0.004208
3479, 0.00482
3480, 0.004351
3482, 0.00394
3483, 0.003605
3485, 0.004525
3486, 0.005189
3488, 0.002636
3490, 0.002793
3492, 0.004379
3493, 0.004132
3495, 0.004457
3497, 0.004546
3498, 0.00407
3500, 0.004909
3502, 0.004463
3504, 0.005134
3505, 0.005789
3507, 0.003204
3509, 0.004943
3510, 0.00581
3512, 0.00377
3513, 0.00481
3515, 0.00699
3518, 0.005846
3519, 0.003321
3521, 0.004829
3522, 0.004718
3524, 0.003607
3525, 0.005832
3527, 0.00369
3528, 0.005868
3529, 0.003948
3530, 0.006166
3531, 0.007695
3533, 0.007702
3534, 0.005894
3536, 0.006864
3538, 0.005208
3539, 0.008431
3541, 0.006332
3542, 0.005721
3544, 0.005072
3546, 0.004247
3570, 0.006319
3575, 0.005458
3577, 0.006494
3578, 0.006205
3585, 0.003532
3595, 0.005877
3597, 0.007787
3599, 0.004506
3600, 0.007194
3602, 0.005499
3603, 0.004916
3605, 0.00445
3606, 0.004775
3609, 0.0054
3612, 0.002833
3613, 0.004669
3615, 0.003904
3624, 0.004708
3625, 0.004921
3628, 0.005479
3631, 0.005337
3633, 0.004551
3634, 0.004437
3637, 0.005081
3639, 0.003197
3641, 0.005044
3643, 0.005852
3644, 0.004688
3646, 0.004731
3647, 0.005636
3651, 0.005786
3652, 0.005326
3654, 0.00495
3655, 0.005202
3658, 0.0033
3666, 0.003439
3667, 0.003419
3669, 0.004464
3671, 0.004838
3674, 0.00536
3676, 0.00565
3678, 0.005112
3679, 0.005418
3681, 0.004753
3683, 0.003076
3684, 0.004966
3686, 0.004786
3688, 0.004807
3690, 0.003726
3692, 0.005327
3696, 0.005673
3697, 0.00591
3699, 0.005466
3700, 0.003295
3703, 0.003692
3706, 0.008268
3707, 0.004693
3710, 0.005311
3713, 0.005995
3716, 0.006978
3727, 0.006934
3750, 0.009569
3751, 0.00448
3753, 0.004946
3754, 0.003101
3759, 0.003853
3762, 0.00494
3763, 0.003839
3765, 0.003914
3767, 0.00479
3769, 0.004613
3771, 0.00391
3773, 0.004892
3776, 0.005159
3777, 0.003011
3779, 0.004584
3781, 0.005259
3782, 0.004898
3784, 0.004516
3785, 0.004004
3787, 0.004841
3789, 0.004722
3790, 0.005091
3792, 0.004496
3793, 0.002327
3795, 0.004058
3806, 0.004549
3808, 0.003859
3809, 0.004034
3811, 0.003512
3835, 0.004327
3836, 0.004215
3838, 0.004518
3842, 0.004604
3844, 0.003253
3846, 0.004247
3848, 0.004539
3850, 0.005061
3851, 0.004937
3853, 0.004843
3854, 0.004768
3856, 0.004507
3857, 0.005145
3859, 0.005092
3860, 0.003176
3862, 0.004918
3867, 0.00369
3868, 0.004418
3870, 0.003968
3872, 0.003949
3874, 0.004443
3875, 0.004943
3877, 0.004607
3878, 0.004253
3880, 0.002965
3881, 0.004139
3883, 0.004746
3884, 0.004897
3887, 0.004791
3888, 0.005617
3890, 0.004072
3891, 0.004497
3893, 0.004623
3894, 0.004695
3896, 0.002839
3898, 0.004393
3899, 0.00519
3901, 0.004381
3903, 0.005528
3904, 0.005229
3906, 0.004152
3907, 0.006462
3909, 0.004555
3910, 0.005601
3913, 0.003516
3914, 0.005035
3915, 0.005889
3916, 0.006621
3918, 0.005245
3919, 0.005864
3921, 0.005232
3922, 0.006458
3924, 0.005403
3925, 0.005337
3928, 0.003637
3929, 0.006559
3932, 0.004019
3933, 0.005872
3935, 0.005377
3936, 0.0069
3938, 0.004443
3942, 0.005854
3944, 0.0059
3946, 0.005372
3952, 0.003852
3954, 0.005143
3956, 0.005605
3958, 0.005438
3959, 0.0053
3961, 0.006302
3965, 0.005988
3974, 0.00496
3977, 0.004243
3978, 0.005618
3980, 0.003131
3981, 0.004113
3984, 0.004818
3986, 0.003988
3988, 0.005321
3989, 0.004596
3991, 0.003997
3992, 0.004665
3994, 0.004924
3995, 0.004075
3997, 0.003104
3999, 0.004416
4000, 0.004847
4002, 0.004624
4003, 0.004484
4006, 0.004245
4007, 0.005084
4009, 0.005518
4010, 0.005646
4011, 0.005423
4012, 0.003667
4014, 0.003695
4016, 0.00547
4018, 0.00519
4019, 0.0051
4021, 0.004784
4027, 0.005219
4029, 0.004409
4031, 0.004271
4034, 0.005304
4037, 0.003442
4039, 0.005212
4053, 0.005353
4055, 0.005763
4056, 0.006111
4058, 0.005819
4059, 0.006448
4061, 0.00617
4062, 0.006191
4065, 0.005836
4066, 0.003674
4068, 0.00652
4069, 0.006887
4071, 0.005194
4072, 0.005996
4074, 0.004836
4075, 0.005066
4077, 0.005335
4078, 0.005739
4080, 0.005754
4081, 0.00328
4083, 0.005643
4084, 0.005774
4086, 0.005482
4087, 0.007326
4089, 0.003241
4090, 0.006359
4092, 0.004066
4093, 0.005569
4095, 0.004543
4096, 0.003038
4098, 0.003988
4099, 0.005696
4101, 0.00408
4102, 0.00481
4104, 0.004248
4106, 0.004299
4107, 0.005953
4109, 0.005071
4110, 0.005234
4112, 0.003353
4113, 0.004703
4115, 0.004583
4116, 0.004812
4119, 0.004418
4122, 0.004309
4123, 0.004334
4126, 0.005217
4128, 0.004198
4130, 0.004335
4133, 0.004908
4135, 0.005875
4137, 0.006362
4138, 0.005988
4140, 0.007689
4141, 0.008869
4143, 0.008399
4144, 0.00917
4146, 0.009398
4147, 0.008365
4149, 0.003594
4150, 0.006588
4152, 0.006634
4153, 0.006549
4155, 0.006164
4156, 0.007493
4159, 0.005906
4161, 0.006014
4162, 0.007773
4164, 0.00653
4165, 0.004663
4167, 0.008172
4168, 0.006579
4170, 0.00607
4172, 0.007547
4173, 0.005584
4175, 0.00602
4177, 0.006129
4178, 0.006158
4180, 0.0059
4182, 0.003729
4183, 0.008114
4185, 0.006377
4186, 0.006409
4188, 0.007043
4189, 0.00744
4191, 0.006171
4192, 0.007103
4194, 0.006894
4195, 0.007335
4197, 0.005865
4198, 0.006831
4200, 0.005466
4201, 0.008678
4211, 0.008446
4212, 0.0087
4213, 0.004965
4216, 0.00687
4218, 0.010179
4219, 0.007864
4221, 0.003742
4223, 0.005331
4224, 0.007136
4253, 0.006343
4258, 0.006753
4259, 0.008524
4260, 0.007093
4261, 0.00927
4262, 0.006437
4264, 0.007393
4265, 0.004076
4267, 0.004578
4268, 0.005473
4270, 0.00574
4271, 0.005049
4279, 0.007097
4284, 0.005606
4286, 0.004318
4289, 0.005434
4306, 0.006646
4308, 0.003963
4310, 0.006722
4312, 0.005697
4313, 0.00437
4315, 0.004753
4316, 0.005517
4318, 0.005946
4320, 0.005205
4322, 0.00561
4324, 0.005804
4336, 0.004567
4339, 0.004679
4340, 0.005495
4342, 0.00442
4343, 0.004725
4349, 0.006653
4350, 0.006433
4365, 0.009102
4367, 0.005651
4369, 0.005126
4371, 0.002444
4372, 0.004631
4374, 0.004584
4375, 0.003654
4377, 0.004217
4379, 0.005019
4381, 0.00453
4383, 0.004587
4384, 0.00475
4386, 0.00468
4387, 0.002988
4389, 0.003165
4390, 0.003118
4392, 0.004735
4393, 0.004708
4396, 0.005218
4398, 0.004266
4399, 0.004638
4402, 0.005124
4403, 0.004799
4405, 0.00303
4407, 0.004891
4408, 0.004375
4410, 0.004576
4411, 0.004368
4414, 0.004939
4415, 0.004863
4417, 0.004815
4418, 0.004973
4420, 0.005127
4421, 0.003776
4423, 0.00315
4424, 0.00364
4426, 0.00371
4427, 0.004537
4429, 0.005896
4430, 0.003617
4432, 0.006603
4433, 0.005897
4435, 0.005342
4436, 0.002573
4438, 0.004087
4439, 0.004328
4441, 0.005684
4442, 0.008768
4444, 0.006324
4445, 0.00692
4448, 0.007345
4449, 0.006892
4451, 0.007183
4452, 0.003296
4454, 0.004062
4455, 0.005536
4457, 0.004964
4459, 0.005217
4460, 0.004574
4462, 0.003861
4463, 0.00587
4465, 0.004229
4467, 0.004984
4468, 0.003952
4470, 0.004635
4471, 0.004711
4473, 0.005479
4474, 0.006276
4476, 0.004711
4478, 0.005287
4479, 0.004859
4481, 0.005264
4482, 0.004899
4484, 0.005223
4486, 0.005417
4487, 0.00571
4489, 0.006559
4490, 0.005814
4492, 0.005776
4493, 0.006365
4507, 0.005096
4508, 0.00673
4510, 0.006118
4511, 0.003775
4513, 0.005452
4515, 0.005189
4516, 0.004825
4518, 0.006203
4519, 0.005466
4521, 0.00651
4523, 0.004105
4524, 0.0051
4526, 0.004589
4529, 0.003315
4530, 0.005148
4533, 0.004341
4534, 0.005586
4537, 0.00554
4539, 0.004973
4540, 0.005743
4542, 0.005046
4543, 0.00655
4545, 0.008125
4546, 0.004519
4548, 0.005816
4549, 0.006917
4551, 0.006574
4552, 0.005776
4559, 0.006644
4560, 0.006425
4563, 0.003829
4565, 0.004987
4567, 0.005353
4569, 0.003378
4570, 0.00416
4577, 0.004087
4578, 0.00465
4580, 0.005399
4582, 0.004837
4583, 0.004349
4586, 0.004997
4587, 0.004981
4589, 0.004628
4591, 0.003679
4592, 0.005332
4594, 0.004459
4595, 0.005242
4604, 0.006857
4611, 0.006681
4613, 0.010575
4615, 0.009309
4616, 0.008184
4618, 0.008939
4619, 0.005145
4621, 0.004913
4622, 0.005594
4624, 0.004791
4626, 0.006276
4627, 0.005164
4630, 0.005975
4631, 0.005875
4634, 0.007294
4635, 0.00472
4637, 0.003913
4638, 0.005714
4640, 0.005574
4641, 0.005447
4643, 0.005956
4644, 0.00544
4647, 0.00609
4648, 0.006048
4650, 0.006277
4651, 0.005847
4653, 0.003552
4655, 0.00485
4657, 0.004345
4659, 0.004427
4661, 0.005409
4664, 0.005389
4665, 0.005104
4669, 0.006023
4670, 0.006936
4672, 0.006523
4674, 0.006083
4675, 0.00523
4677, 0.005312
4678, 0.005046
4680, 0.005833
4681, 0.005213
4683, 0.006385
4686, 0.005905
4687, 0.004018
4689, 0.004236
4690, 0.004624
4694, 0.006525
4696, 0.005519
4699, 0.005874
4701, 0.006021
4703, 0.005376
4706, 0.005241
4707, 0.006335
4709, 0.005898
4711, 0.005399
4712, 0.00332
4715, 0.005249
4716, 0.005363
4718, 0.004497
4719, 0.004922
4721, 0.004881
4722, 0.004382
4724, 0.004334
4725, 0.004016
4728, 0.003913
4730, 0.005587
4731, 0.005013
4738, 0.006545
4739, 0.005539
4741, 0.005371
4743, 0.00573
4744, 0.005219
4746, 0.005319
4747, 0.00522
4749, 0.004402
4751, 0.00389
4752, 0.004799
4755, 0.005032
4756, 0.005006
4758, 0.005939
4759, 0.004725
4761, 0.005175
4762, 0.005603
4764, 0.005904
4766, 0.006256
4767, 0.003511
4769, 0.004801
4770, 0.005384
4772, 0.006174
4773, 0.005398
4775, 0.005822
4776, 0.004552
4778, 0.005785
4779, 0.006384
4781, 0.005998
4782, 0.004433
4784, 0.005121
4785, 0.006014
4787, 0.004691
4788, 0.005193
4791, 0.005638
4793, 0.005234
4794, 0.005722
4796, 0.005972
4797, 0.005271
4799, 0.00376
4800, 0.004954
4802, 0.004793
4803, 0.005914
4805, 0.005945
4806, 0.005375
4808, 0.004765
4809, 0.00638
4811, 0.005063
4812, 0.006995
4814, 0.003985
4815, 0.003752
4817, 0.004424
4818, 0.005604
4820, 0.006356
4821, 0.005529
4823, 0.005442
4824, 0.006701
4826, 0.005494
4827, 0.006923
4829, 0.004122
4830, 0.005538
4832, 0.005831
4834, 0.005022
4835, 0.005093
4837, 0.005863
4838, 0.006064
4840, 0.006618
4842, 0.006619
4843, 0.005941
4845, 0.00369
4846, 0.004699
4847, 0.00686
4848, 0.005545
4850, 0.0068
4851, 0.006588
4853, 0.007146
4854, 0.007287
4856, 0.007692
4857, 0.008897
4859, 0.007035
4860, 0.007076
4862, 0.006567
4866, 0.00685
4868, 0.009667
4870, 0.010666
4871, 0.007562
4873, 0.007105
4874, 0.007139
4876, 0.007796
4879, 0.004895
4890, 0.005902
4892, 0.006517
4894, 0.007261
4895, 0.007151
4897, 0.006049
4898, 0.007281
4900, 0.007449
4901, 0.006741
4903, 0.006934
4905, 0.00398
4906, 0.005219
4908, 0.005476
4910, 0.006688
4911, 0.005411
4913, 0.005669
4915, 0.005519
4916, 0.004815
4918, 0.005472
4920, 0.006387
4921, 0.005429
4923, 0.00723
4925, 0.006694
4926, 0.007106
4946, 0.007729
4948, 0.006925
4949, 0.006429
4950, 0.006916
4951, 0.005354
4953, 0.006392
4954, 0.003663
4956, 0.003696
4957, 0.004186
4958, 0.00558
4959, 0.004987
4963, 0.005214
4964, 0.005662
4966, 0.005684
4967, 0.006236
4970, 0.005425
4972, 0.004108
4973, 0.00505
4975, 0.00503
4976, 0.005191
4978, 0.004687
4980, 0.005133
4982, 0.00428
4984, 0.004404
4985, 0.005284
4987, 0.004431
4988, 0.00374
4990, 0.005712
4992, 0.005417
4993, 0.0058
4995, 0.005122
4996, 0.0049
4998, 0.005644
4999, 0.006353
5001, 0.007172
5002, 0.005083
5005, 0.004122
5006, 0.006095
5008, 0.006529
5009, 0.006801
5011, 0.006451
5012, 0.006073
5014, 0.006861
5015, 0.005896
5017, 0.006554
5018, 0.006161
5020, 0.005198
5021, 0.006635
5025, 0.007075
5026, 0.006282
5028, 0.006534
5029, 0.006072
5031, 0.00601
5033, 0.006512
5034, 0.006113
5036, 0.006976
5037, 0.004342
5039, 0.006077
5041, 0.006235
5042, 0.007091
5044, 0.006878
5047, 0.007895
5048, 0.006315
5050, 0.005165
5052, 0.006267
5053, 0.005585
5057, 0.004816
5058, 0.006502
5060, 0.006016
5061, 0.006144
5063, 0.006294
5065, 0.006128
5069, 0.007347
5071, 0.006034
5073, 0.006333
5074, 0.006504
5076, 0.004953
5078, 0.005686
5079, 0.00563
5081, 0.005635
5082, 0.005732
5084, 0.00567
5085, 0.006252
5087, 0.007028
5088, 0.005954
5090, 0.006531
5091, 0.004736
5093, 0.005442
5094, 0.005495
5096, 0.006363
5097, 0.006619
5099, 0.007941
5100, 0.008885
5102, 0.012199
5103, 0.005993
5105, 0.006285
5107, 0.006169
5108, 0.007175
5110, 0.005376
5111, 0.005991
5113, 0.005674
5114, 0.006412
5116, 0.005792
5117, 0.006277
5120, 0.008098
5121, 0.008203
5123, 0.004216
5125, 0.005135
5126, 0.004904
5128, 0.00554
5130, 0.006659
5132, 0.005221
5134, 0.005191
5136, 0.01066
5138, 0.011252
5140, 0.010115
5141, 0.006554
5144, 0.005593
5145, 0.006735
5149, 0.007055
5150, 0.007443
5152, 0.007251
5153, 0.006718
5156, 0.009984
5157, 0.011749
5159, 0.011731
5160, 0.003716
5162, 0.005281
5163, 0.004737
5165, 0.004797
5166, 0.004783
5168, 0.005124
5169, 0.00489
5172, 0.005221
5173, 0.005241
5175, 0.005607
5176, 0.003422
5178, 0.005747
5179, 0.006177
5181, 0.005594
5182, 0.005844
5184, 0.004821
5186, 0.005067
5187, 0.005523
5189, 0.005103
5191, 0.005454
5192, 0.003602
5194, 0.004544
5196, 0.0061
5197, 0.004705
5199, 0.004928
5200, 0.004176
5202, 0.00522
5204, 0.006132
5206, 0.006427
5208, 0.005531
5209, 0.003778
5211, 0.006496
5213, 0.00697
5214, 0.005575
5216, 0.005516
5218, 0.006869
5219, 0.005732
5221, 0.005477
5222, 0.005674
5224, 0.009133
5226, 0.004503
5227, 0.005632
5229, 0.006023
5232, 0.005707
5233, 0.00406
5235, 0.004041
5236, 0.004512
5238, 0.00433
5239, 0.004093
5241, 0.007328
5242, 0.009468
5244, 0.00686
5245, 0.006996
5247, 0.006986
5248, 0.007179
5250, 0.007357
5251, 0.007823
5253, 0.007267
5255, 0.007037
5257, 0.011034
5258, 0.004968
5260, 0.005915
5261, 0.006946
5263, 0.010308
5264, 0.008217
5266, 0.007728
5267, 0.006709
5269, 0.006706
5270, 0.00662
5272, 0.005724
5274, 0.004736
5275, 0.007243
5277, 0.006414
5279, 0.005867
5282, 0.006616
5287, 0.007683
5289, 0.006724
5290, 0.005621
5293, 0.005959
5295, 0.007107
5296, 0.005742
5298, 0.008582
5299, 0.006296
5301, 0.006238
5302, 0.006855
5304, 0.007085
5305, 0.007024
5307, 0.007009
5311, 0.007107
5312, 0.006389
5314, 0.005689
5317, 0.005448
5319, 0.006111
5325, 0.005691
5327, 0.008023
5328, 0.005216
5331, 0.006908
5333, 0.006412
5348, 0.00738
5351, 0.00804
5352, 0.004914
5354, 0.006973
5355, 0.008123
5357, 0.006101
5358, 0.006666
5360, 0.005206
5361, 0.006779
5364, 0.00651
5365, 0.007506
5367, 0.005966
5368, 0.006188
5370, 0.007569
5371, 0.005734
5380, 0.008076
5381, 0.009306
5383, 0.006233
5385, 0.007609
5386, 0.007283
5391, 0.0076
5392, 0.007124
5394, 0.003911
5395, 0.0047
5397, 0.005249
5398, 0.005569
5407, 0.006282
5408, 0.004483
5410, 0.004525
5412, 0.005542
5413, 0.005749
5415, 0.005984
5416, 0.004331
5418, 0.005985
5419, 0.005893
5421, 0.005826
5422, 0.006554
5424, 0.005497
5425, 0.006533
5427, 0.006179
5429, 0.006189
5433, 0.007011
5451, 0.005415
5452, 0.006139
5453, 0.006288
5454, 0.007329
5455, 0.008083
5457, 0.008116
5458, 0.006152
5460, 0.006802
5461, 0.006276
5463, 0.006044
5464, 0.004885
5466, 0.006519
5467, 0.005858
5469, 0.006036
5470, 0.005837
5472, 0.005992
5473, 0.00666
5475, 0.006773
5477, 0.006742
5478, 0.006613
5480, 0.004553
5481, 0.006088
5483, 0.005376
5484, 0.005585
5486, 0.005867
5487, 0.008174
5489, 0.005049
5490, 0.007232
5493, 0.006391
5494, 0.007609
5496, 0.004905
5498, 0.00694
5500, 0.006595
5503, 0.006173
5504, 0.005858
5506, 0.006024
5507, 0.005672
5510, 0.00646
5511, 0.005416
5513, 0.00576
5514, 0.004939
5516, 0.007025
5517, 0.005628
5519, 0.005638
5520, 0.005634
5523, 0.005854
5525, 0.006915
5528, 0.007602
5529, 0.008519
5531, 0.007798
5533, 0.007273
5535, 0.008483
5537, 0.006954
5538, 0.006754
5544, 0.006929
5549, 0.010049
5552, 0.004572
5556, 0.005675
5559, 0.006365
5561, 0.006307
5565, 0.005025
5567, 0.006852
5568, 0.005376
5578, 0.006941
5580, 0.006233
5582, 0.00677
5583, 0.006143
5596, 0.008028
5597, 0.006763
5599, 0.007661
5601, 0.004604
5602, 0.006634
5607, 0.006432
5608, 0.007413
5609, 0.007378
5610, 0.007535
5612, 0.008142
5626, 0.007894
5628, 0.012656
5629, 0.006945
5638, 0.005084
5639, 0.006066
5641, 0.005773
5642, 0.007073
5644, 0.006363
5645, 0.006766
5647, 0.006419
5648, 0.006635
5651, 0.007957
5652, 0.007896
5654, 0.005156
5655, 0.007516
5656, 0.008611
5665, 0.011092
5666, 0.012179
5668, 0.006452
5669, 0.007058
5671, 0.007313
5672, 0.008182
5673, 0.008724
5674, 0.006648
5675, 0.008213
5677, 0.008004
5678, 0.006977
5680, 0.006737
5681, 0.008612
5683, 0.007968
5684, 0.007992
5686, 0.007149
5688, 0.008627
5689, 0.007104
5691, 0.008917
5692, 0.006987
5694, 0.007746
5695, 0.006775
5697, 0.007882
5698, 0.007022
5699, 0.007175
5700, 0.009925
5701, 0.010227
5703, 0.009721
5704, 0.00483
5706, 0.006091
5707, 0.006113
5709, 0.005962
5710, 0.006084
5712, 0.006056
5713, 0.005975
5715, 0.006361
5716, 0.006075
5718, 0.007012
5719, 0.009536
5722, 0.00826
5723, 0.008471
5726, 0.009395
5730, 0.008618
5731, 0.008227
5734, 0.00821
5735, 0.009835
5738, 0.007316
5739, 0.005695
5741, 0.007282
5743, 0.009155
5745, 0.006342
5753, 0.007335
5754, 0.00607
5758, 0.005678
5759, 0.005866
5762, 0.0061
5763, 0.005709
5766, 0.005547
5767, 0.009529
5769, 0.008365
5770, 0.007187
5775, 0.008228
5776, 0.008738
5778, 0.007548
5779, 0.007559
5781, 0.008273
5783, 0.008991
5784, 0.003734
5786, 0.005872
5787, 0.006145
5789, 0.005205
5790, 0.00537
5792, 0.004923
5797, 0.006138
5798, 0.006525
5800, 0.006585
5807, 0.008164
5809, 0.005737
5812, 0.007572
5813, 0.006993
5822, 0.006673
5825, 0.007072
5826, 0.007174
5829, 0.010818
5831, 0.011122
5834, 0.006692
5836, 0.005797
5837, 0.005373
5839, 0.007775
5841, 0.004003
5843, 0.006419
5844, 0.006238
5846, 0.005783
5847, 0.005835
5849, 0.005826
5850, 0.00632
5852, 0.006192
5853, 0.003456
5855, 0.005149
5856, 0.005267
5858, 0.005269
5860, 0.005804
5861, 0.006688
5864, 0.008401
5865, 0.008676
5867, 0.007213
5868, 0.008183
5870, 0.004244
5872, 0.005822
5873, 0.005266
5875, 0.006073
5876, 0.00547
5878, 0.005778
5879, 0.005423
5881, 0.006592
5882, 0.005584
5884, 0.00584
5885, 0.004426
5887, 0.006608
5889, 0.006586
5891, 0.006648
5892, 0.005234
5894, 0.005487
5895, 0.005582
5897, 0.00566
5899, 0.005678
5901, 0.005271
5902, 0.004066
5910, 0.007599
5911, 0.00734
5913, 0.00614
5914, 0.00672
5917, 0.007215
5919, 0.006115
5920, 0.006981
5922, 0.007355
5923, 0.007607
5925, 0.004159
5926, 0.0063
5928, 0.007529
5929, 0.00744
5931, 0.00714
5932, 0.007547
5934, 0.007053
5935, 0.007281
5937, 0.007151
5938, 0.007414
5940, 0.004694
5941, 0.008047
5943, 0.006455
5944, 0.007167
5946, 0.005603
5947, 0.006452
5949, 0.005932
5950, 0.006765
5952, 0.00768
5953, 0.006873
5955, 0.00558
5956, 0.006063
5958, 0.006491
5959, 0.006665
5961, 0.007079
5963, 0.007953
5964, 0.007405
5966, 0.008192
5968, 0.007782
5970, 0.007371
5971, 0.005184
5973, 0.005738
5976, 0.00561
5977, 0.006384
5979, 0.005928
5982, 0.007284
5983, 0.007097
5985, 0.007808
5986, 0.007964
5988, 0.005761
5989, 0.005915
5991, 0.008154
5992, 0.008652
5994, 0.008126
5995, 0.009386
5998, 0.009332
5999, 0.009244
6001, 0.008731
6002, 0.007584
6004, 0.00838
6005, 0.004904
6007, 0.00697
6008, 0.010164
6010, 0.012157
6011, 0.007869
6013, 0.00726
6014, 0.007491
6016, 0.007421
6017, 0.006174
6019, 0.008883
6020, 0.005594
6021, 0.007508
6022, 0.010471
6023, 0.006599
6025, 0.006928
6026, 0.006725
6029, 0.007495
6032, 0.006706
6034, 0.006106
6043, 0.007264
6045, 0.00475
6047, 0.005979
6050, 0.005926
6052, 0.005634
6056, 0.007095
6057, 0.006296
6059, 0.006118
6061, 0.00582
6063, 0.008022
6064, 0.008144
6066, 0.004274
6068, 0.006535
6069, 0.007777
6071, 0.006782
6074, 0.008225
6077, 0.007902
6079, 0.00848
6081, 0.007315
6082, 0.007524
6085, 0.007668
6086, 0.004969
6093, 0.009434
6096, 0.00914
6098, 0.007658
6100, 0.006472
6101, 0.005476
6104, 0.006161
6105, 0.006061
6106, 0.006543
6107, 0.007075
6108, 0.011132
6110, 0.0124
6111, 0.011941
6113, 0.011266
6116, 0.012026
6117, 0.011988
6119, 0.01213
6120, 0.011971
6122, 0.011958
6124, 0.011378
6126, 0.008839
6129, 0.007477
6130, 0.008529
6141, 0.008327
6157, 0.006797
6158, 0.006545
6167, 0.008171
6168, 0.008132
6170, 0.007355
6171, 0.007426
6173, 0.005816
6175, 0.00649
6176, 0.00748
6178, 0.008048
6179, 0.007387
6181, 0.007652
6182, 0.007051
6184, 0.006805
6185, 0.006945
6187, 0.006848
6188, 0.006147
6190, 0.007691
6191, 0.007583
6193, 0.007845
6194, 0.007765
6196, 0.007686
6197, 0.007964
6199, 0.009644
6200, 0.007521
6202, 0.00772
6203, 0.006951
6205, 0.009265
6206, 0.009321
6208, 0.010262
6209, 0.008893
6211, 0.008915
6212, 0.008459
6214, 0.009208
6215, 0.009836
6217, 0.009742
6218, 0.007131
6220, 0.010601
6221, 0.008925
6223, 0.009323
6224, 0.009348
6226, 0.007822
6227, 0.00896
6229, 0.009978
6230, 0.013571
6232, 0.012192
6233, 0.006985
6235, 0.008754
6236, 0.008197
6238, 0.010108
6239, 0.012506
6241, 0.017701
6242, 0.009615
6244, 0.007669
6245, 0.010445
6247, 0.011799
6248, 0.0071
6250, 0.008229
6251, 0.008527
6253, 0.007692
6254, 0.007369
6256, 0.008206
6258, 0.008279
6259, 0.00801
6261, 0.00817
6262, 0.009029
6264, 0.007822
6265, 0.009705
6267, 0.007297
6268, 0.007275
6270, 0.007396
6271, 0.008565
6273, 0.007084
6274, 0.00764
6276, 0.007453
6278, 0.008489
6279, 0.007416
6281, 0.007781
6283, 0.007998
6285, 0.007541
6286, 0.00807
6288, 0.01002
6289, 0.007148
6291, 0.008443
6292, 0.008428
6294, 0.010326
6295, 0.009468
6297, 0.007232
6298, 0.006922
6300, 0.007237
6301, 0.007235
6303, 0.009133
6304, 0.010084
6306, 0.008103
6307, 0.010887
6309, 0.009296
6310, 0.008617
6312, 0.00949
6313, 0.009628
6316, 0.011334
6317, 0.013095
6319, 0.010343
6320, 0.011834
6323, 0.020837
6326, 0.022692
6328, 0.024593
6331, 0.00891
6332, 0.009206
6335, 0.007802
6338, 0.011546
6340, 0.014144
6343, 0.014275
6344, 0.012321
6346, 0.012648
6347, 0.015613
6349, 0.009431
6350, 0.008204
6352, 0.008995
6353, 0.0079
6355, 0.0083
6356, 0.009167
6358, 0.008308
6360, 0.00944
6362, 0.010188
6363, 0.009535
6365, 0.008911
6367, 0.007852
6369, 0.008477
6370, 0.009322
6372, 0.009549
6373, 0.009655
6375, 0.009729
6376, 0.00996
6378, 0.008804
6379, 0.010449
6381, 0.01064
6382, 0.008703
6384, 0.009207
6385, 0.010531
6387, 0.010844
6388, 0.010525
6390, 0.009814
6391, 0.010233
6393, 0.011185
6394, 0.008807
6396, 0.009537
6397, 0.00819
6399, 0.008597
6400, 0.008817
6402, 0.010608
6403, 0.009751
6405, 0.013609
6406, 0.009257
6408, 0.00957
6409, 0.013117
6411, 0.012913
6412, 0.012163
6413, 0.012311
6414, 0.018458
6415, 0.018415
6417, 0.017841
6418, 0.017984
6420, 0.018607
6421, 0.018921
6423, 0.019812
6424, 0.028235
6426, 0.010596
6427, 0.015605
6429, 0.009273
6430, 0.010705
6432, 0.0103
6433, 0.01262
6435, 0.011649
6436, 0.013363
6438, 0.013042
6439, 0.013042
6441, 0.009337
6442, 0.014406
6444, 0.009553
6445, 0.009368
6447, 0.009829
6448, 0.010107
6450, 0.010252
6451, 0.010213
6453, 0.010423
6454, 0.010876
6456, 0.009619
6457, 0.010084
6459, 0.01026
6460, 0.0095
6462, 0.011068
6463, 0.011257
6465, 0.010342
6466, 0.011929
6468, 0.016414
6469, 0.010963
6471, 0.009905
6472, 0.010991
6474, 0.01464
6475, 0.010728
6477, 0.011623
6479, 0.011655
6480, 0.011667
6482, 0.012013
6483, 0.012004
6485, 0.011193
6486, 0.010323
6488, 0.011757
6490, 0.010645
6491, 0.011203
6493, 0.011053
6494, 0.016317
6496, 0.011568
6497, 0.010922
6499, 0.010775
6500, 0.01006
6502, 0.012071
6503, 0.017482
6505, 0.023041
6506, 0.010129
6508, 0.012349
6509, 0.011626
6513, 0.018116
6514, 0.017581
6516, 0.017713
6517, 0.016369
6519, 0.00994
6520, 0.00958
6522, 0.009469
6523, 0.009343
6526, 0.009453
6527, 0.011088
6529, 0.009638
6530, 0.009728
6532, 0.011622
6536, 0.010791
6538, 0.010644
6541, 0.0112
6544, 0.011426
6546, 0.017797
6547, 0.011262
6549, 0.011124
6551, 0.010858
6552, 0.01121
6554, 0.011411
6555, 0.011982
6557, 0.010233
6558, 0.009589
6560, 0.010109
6561, 0.009707
6563, 0.011734
6564, 0.010203
6566, 0.010164
6567, 0.010475
6569, 0.010712
6571, 0.010115
6574, 0.01333
6576, 0.013474
6578, 0.013566
6579, 0.015124
6581, 0.015901
6582, 0.015806
6584, 0.015319
6585, 0.015237
6587, 0.014318
6588, 0.014987
6590, 0.010385
6592, 0.013453
6594, 0.022968
6596, 0.014539
6597, 0.014243
6599, 0.014112
6600, 0.014268
6601, 0.02568
6603, 0.015472
6604, 0.015694
6606, 0.007762
6607, 0.008771
6609, 0.008261
6610, 0.008982
6612, 0.007371
6614, 0.00838
6616, 0.009271
6620, 0.008759
6622, 0.0093
6624, 0.008325
6625, 0.007459
6627, 0.00879
6628, 0.009162
6629, 0.007967
6630, 0.011961
6631, 0.012428
6633, 0.012571
6634, 0.012517
6636, 0.012704
6640, 0.020413
6644, 0.02912
6646, 0.009385
6648, 0.009326
6650, 0.010459
6652, 0.011125
6654, 0.009577
6658, 0.010127
6660, 0.009898
6661, 0.010121
6663, 0.009556
6665, 0.011144
6667, 0.010892
6668, 0.01072
6670, 0.010987
6671, 0.011768
6673, 0.010982
6674, 0.011236
6676, 0.01111
6677, 0.010871
6680, 0.012239
6681, 0.009801
6690, 0.009951
6691, 0.010028
6696, 0.012584
6697, 0.011189
6699, 0.010582
6700, 0.018934
6702, 0.021555
6703, 0.018854
6705, 0.01832
6706, 0.009767
6708, 0.009807
6709, 0.010142
6711, 0.010366
6712, 0.011591
6714, 0.010309
6715, 0.011771
6717, 0.01102
6718, 0.012127
6720, 0.01034
6722, 0.011428
6723, 0.011511
6725, 0.011592
6726, 0.011737
6728, 0.012278
6730, 0.011835
6731, 0.011593
6733, 0.013578
6735, 0.011906
6737, 0.013751
6738, 0.0075
6740, 0.008793
6741, 0.00845
6744, 0.00845
6745, 0.009745
6747, 0.009661
6748, 0.008616
6750, 0.010504
6751, 0.009523
6753, 0.009566
6754, 0.006438
6756, 0.006089
6758, 0.008206
6760, 0.006431
6761, 0.006903
6763, 0.008429
6764, 0.00644
6766, 0.007653
6767, 0.006689
6769, 0.012242
6770, 0.009959
6772, 0.010833
6773, 0.011541
6775, 0.01198
6777, 0.0145
6778, 0.013318
6780, 0.01342
6781, 0.013811
6783, 0.015033
6787, 0.013499
6788, 0.00782
6790, 0.007015
6792, 0.008001
6793, 0.008177
6810, 0.009083
6811, 0.009282
6813, 0.009988
6815, 0.009923
6816, 0.009868
6818, 0.010318
6819, 0.012394
6824, 0.013008
6826, 0.011631
6828, 0.012351
6829, 0.011366
6833, 0.011932
6835, 0.01136
6838, 0.011088
6841, 0.012674
6842, 0.011075
6844, 0.011848
6845, 0.01103
6850, 0.01197
6854, 0.018282
6858, 0.011788
6860, 0.012168
6862, 0.011681
6863, 0.012399
6865, 0.012274
6866, 0.0131
6877, 0.016227
6879, 0.017067
6880, 0.018694
6881, 0.019557
6882, 0.031556
6884, 0.017859
6885, 0.018417
6886, 0.032242
6887, 0.018492
6889, 0.020727
6891, 0.008114
6892, 0.008618
6894, 0.008445
6895, 0.010086
6898, 0.009131
6899, 0.008292
6901, 0.008492
6902, 0.009681
6904, 0.008622
6905, 0.009336
6907, 0.009173
6908, 0.008696
6910, 0.013185
6911, 0.012947
6913, 0.008653
6914, 0.008227
6917, 0.008973
6918, 0.009124
6920, 0.009354
6922, 0.008908
6923, 0.012072
6925, 0.011478
6926, 0.019719
6928, 0.018625
6929, 0.01178
6930, 0.01191
6931, 0.018523
6932, 0.011734
6934, 0.011801
6936, 0.012052
6937, 0.011392
6939, 0.017273
6940, 0.020775
6942, 0.017166
6944, 0.015029
6945, 0.018695
6947, 0.016052
6948, 0.013758
6950, 0.01421
6951, 0.013892
6954, 0.01146
6955, 0.01159
6957, 0.01237
6958, 0.012277
6960, 0.013562
6961, 0.014476
6963, 0.013045
6964, 0.014318
6966, 0.014119
6967, 0.014975
6969, 0.012712
6970, 0.015581
6972, 0.013321
6973, 0.015695
6975, 0.015896
6976, 0.01404
6978, 0.014345
6979, 0.013148
6981, 0.012702
6982, 0.01274
6985, 0.012024
6986, 0.018738
6987, 0.01188
6989, 0.012198
6991, 0.011631
6994, 0.011626
6995, 0.012412
6997, 0.011312
6998, 0.012544
7000, 0.012097
7002, 0.013156
7004, 0.01271
7006, 0.013224
7007, 0.014966
7009, 0.020729
7010, 0.014546
7012, 0.01241
7013, 0.013027
7015, 0.01296
7016, 0.01318
7018, 0.013753
7019, 0.012459
7021, 0.01422
7022, 0.014653
7024, 0.014419
7025, 0.014967
7027, 0.014786
7029, 0.013409
7030, 0.014707
7032, 0.01453
7033, 0.013282
7035, 0.013057
7036, 0.012774
7038, 0.020979
7039, 0.022163
7041, 0.021428
7042, 0.020518
7044, 0.013232
7045, 0.013179
7047, 0.014006
7048, 0.013196
7050, 0.012843
7051, 0.022168
7053, 0.013987
7054, 0.013409
7056, 0.013609
7057, 0.013897
7059, 0.014254
7060, 0.013674
7062, 0.014351
7063, 0.013592
7065, 0.013821
7066, 0.013849
7068, 0.013591
7069, 0.014209
7071, 0.014102
7072, 0.014595
7074, 0.014798
7075, 0.013755
7077, 0.013792
7078, 0.014235
7080, 0.014574
7081, 0.015235
7083, 0.014919
7084, 0.014408
7086, 0.014606
7087, 0.01441
7089, 0.016165
7090, 0.015164
7092, 0.014829
7093, 0.013616
7095, 0.013257
7096, 0.013397
7098, 0.012881
7099, 0.013323
7101, 0.014057
7102, 0.013168
7104, 0.013641
7105, 0.013432
7107, 0.013798
7108, 0.01337
7110, 0.013603
7111, 0.01371
7113, 0.013544
7114, 0.013639
7120, 0.01431
7121, 0.022101
7123, 0.012655
7124, 0.012702
7126, 0.013051
7127, 0.012266
7128, 0.012906
7129, 0.019978
7130, 0.021006
7132, 0.020501
7133, 0.021345
7135, 0.020903
7137, 0.021055
7138, 0.020648
7140, 0.022476
7141, 0.025385
7143, 0.010577
7144, 0.010322
7146, 0.010873
7147, 0.009905
7149, 0.010027
7150, 0.010984
7152, 0.011686
7153, 0.010454
7155, 0.010864
7157, 0.013693
7158, 0.020231
7160, 0.02263
7161, 0.021569
7163, 0.0227
7164, 0.022487
7166, 0.023398
7168, 0.022298
7169, 0.013828
7171, 0.014376
7172, 0.012582
7174, 0.012788
7176, 0.013048
7177, 0.012151
7179, 0.012876
7180, 0.020272
7182, 0.020462
7183, 0.013483
7185, 0.013727
7186, 0.014549
7188, 0.012676
7189, 0.013131
7191, 0.014209
7192, 0.013778
7241, 0.019508
7242, 0.016662
7246, 0.023772
7248, 0.020161
7250, 0.016104
7253, 0.017192
7255, 0.011626
7257, 0.011173
7258, 0.011947
7260, 0.011541
7261, 0.011702
7264, 0.011723
7265, 0.011228
7267, 0.011604
7269, 0.011361
7274, 0.017525
7275, 0.011887
7277, 0.011148
7278, 0.011623
7279, 0.012509
7280, 0.018466
7281, 0.011373
7283, 0.012092
7284, 0.011963
7286, 0.012014
7287, 0.011868
7289, 0.011945
7290, 0.011245
7292, 0.011402
7293, 0.012563
7295, 0.011928
7296, 0.012159
7298, 0.011589
7299, 0.0076
7301, 0.009686
7303, 0.008876
7305, 0.01019
7306, 0.010207
7325, 0.009853
7328, 0.008177
7329, 0.008502
7333, 0.008781
7335, 0.008485
7337, 0.008299
7339, 0.008206
7340, 0.008538
7342, 0.007806
7345, 0.007894
7354, 0.008664
7355, 0.009131
7358, 0.009777
7371, 0.009755
7373, 0.013614
7374, 0.008917
7376, 0.009557
7378, 0.009057
7382, 0.008232
7386, 0.010688
7388, 0.010949
7390, 0.011282
7392, 0.011695
7400, 0.011595
7410, 0.017971
7412, 0.008303
7413, 0.009487
7414, 0.00853
7417, 0.007489
7419, 0.008634
7422, 0.00724
7425, 0.007128
7427, 0.007133
7429, 0.006859
7430, 0.005229
7432, 0.005715
7433, 0.006461
7436, 0.005723
7438, 0.007817
7439, 0.008207
7441, 0.007555
7443, 0.007546
7444, 0.007387
7462, 0.010012
7464, 0.008941
7467, 0.007826
7469, 0.008423
7476, 0.012314
7479, 0.009986
7480, 0.009852
7482, 0.009116
7483, 0.009617
7485, 0.008865
7486, 0.009296
7488, 0.009302
7490, 0.010583
7492, 0.009955
7494, 0.009857
7496, 0.008454
7497, 0.008505
7499, 0.007178
7500, 0.007701
7502, 0.009164
7503, 0.008575
7505, 0.008204
7507, 0.009565
7509, 0.008859
7512, 0.007913
7513, 0.007835
7516, 0.009318
7517, 0.009088
7519, 0.008773
7521, 0.008833
7523, 0.009178
7532, 0.009475
7533, 0.009193
7535, 0.009222
7536, 0.009969
7538, 0.008451
7539, 0.008927
7541, 0.009557
7544, 0.010512
7545, 0.011397
7547, 0.010107
7548, 0.012341
7550, 0.011909
7551, 0.011862
7553, 0.011295
7554, 0.00871
7556, 0.009404
7557, 0.010577
7559, 0.009247
7560, 0.009415
7562, 0.009359
7563, 0.009719
7565, 0.010069
7566, 0.010303
7568, 0.010059
7569, 0.008891
7571, 0.010837
7572, 0.011398
7574, 0.010263
7575, 0.011496
7577, 0.010902
7578, 0.012044
7580, 0.010541
7581, 0.011298
7583, 0.012194
7584, 0.007866
7586, 0.008962
7587, 0.008361
7589, 0.009703
7590, 0.008599
7592, 0.008366
7593, 0.009624
7595, 0.009463
7596, 0.01013
7598, 0.009822
7599, 0.008552
7602, 0.008796
7604, 0.007237
7607, 0.007029
7610, 0.007262
7613, 0.007246
7615, 0.007237
7617, 0.007664
7618, 0.007919
7620, 0.007285
7621, 0.008814
7623, 0.009757
7624, 0.010882
7626, 0.009774
7627, 0.010192
7629, 0.009715
7631, 0.009224
7632, 0.009366
7634, 0.009576
7635, 0.009827
7637, 0.008812
7639, 0.011663
7640, 0.008726
7642, 0.01088
7643, 0.010238
7645, 0.010323
7647, 0.011747
7649, 0.009712
7651, 0.010707
7653, 0.012185
7654, 0.007243
7656, 0.008821
7657, 0.007828
7659, 0.00774
7660, 0.007978
7662, 0.007875
7664, 0.008668
7666, 0.007862
7668, 0.008298
7669, 0.008134
7671, 0.007376
7672, 0.009
7674, 0.00974
7676, 0.008088
7677, 0.008756
7679, 0.008561
7680, 0.009353
7682, 0.007974
7684, 0.009148
7687, 0.008669
7688, 0.008921
7690, 0.007196
7692, 0.007985
7694, 0.008284
7695, 0.007364
7697, 0.008326
7699, 0.008313
7700, 0.009331
7702, 0.009444
7703, 0.008949
7705, 0.007622
7707, 0.008783
7709, 0.009325
7712, 0.011401
7714, 0.014455
7715, 0.009907
7717, 0.010418
7718, 0.011682
7720, 0.010299
7721, 0.010871
7723, 0.007745
7726, 0.008906
7727, 0.009203
7729, 0.008404
7730, 0.008444
7732, 0.008551
7734, 0.008284
7735, 0.008206
7737, 0.00846
7738, 0.009352
7740, 0.007828
7742, 0.009049
7744, 0.008839
7745, 0.008085
7747, 0.008338
7749, 0.00815
7752, 0.008268
7754, 0.008347
7755, 0.00853
7757, 0.008548
7759, 0.008193
7760, 0.010112
7762, 0.011727
7763, 0.008702
7765, 0.009017
7766, 0.012292
7769, 0.012136
7770, 0.011988
7773, 0.012829
7775, 0.014506
7779, 0.008243
7781, 0.00812
7784, 0.009146
7785, 0.008878
7787, 0.008322
7788, 0.00846
7792, 0.008314
7794, 0.010589
7797, 0.007458
7798, 0.009043
7800, 0.008225
7803, 0.009488
7805, 0.009905
7806, 0.009086
7808, 0.00956
7810, 0.009445
7813, 0.009605
7814, 0.008995
7817, 0.008823
7818, 0.00936
7820, 0.00795
7821, 0.009184
7824, 0.01026
7826, 0.007973
7828, 0.0093
7830, 0.009615
7831, 0.009598
7833, 0.009164
7835, 0.011458
7836, 0.013305
7838, 0.009246
7839, 0.009316
7841, 0.010328
7842, 0.009527
7857, 0.010794
7858, 0.009642
7860, 0.009523
7861, 0.008776
7863, 0.00958
7864, 0.009619
7866, 0.008022
7867, 0.008814
7869, 0.008538
7870, 0.008388
7872, 0.010632
7873, 0.007671
7875, 0.00878
7876, 0.009127
7879, 0.009205
7881, 0.010185
7882, 0.00782
7884, 0.009021
7885, 0.008212
7887, 0.008349
7888, 0.009265
7890, 0.008391
7891, 0.008408
7893, 0.008598
7894, 0.009533
7896, 0.009853
7897, 0.008057
7899, 0.008058
7900, 0.008957
7902, 0.009519
7904, 0.00991
7905, 0.009471
7908, 0.009781
7910, 0.008551
7911, 0.008636
7913, 0.009497
7914, 0.008175
7915, 0.010147
7916, 0.01291
7917, 0.009342
7919, 0.009696
7920, 0.009897
7922, 0.009417
7923, 0.010051
7925, 0.010918
7926, 0.010035
7928, 0.009028
7929, 0.009863
7933, 0.009472
7935, 0.00818
7936, 0.008358
7938, 0.008436
7939, 0.009788
7941, 0.008371
7943, 0.009874
7944, 0.008741
7946, 0.008432
7947, 0.009857
7948, 0.010725
7949, 0.013084
7951, 0.007325
7952, 0.008905
7954, 0.008685
7955, 0.009956
7957, 0.008334
7960, 0.009265
7961, 0.00751
7963, 0.00926
7964, 0.007761
7966, 0.008094
7968, 0.008018
7969, 0.008075
7971, 0.007944
7972, 0.008464
7974, 0.008484
7975, 0.008212
7977, 0.007283
7978, 0.00803
7980, 0.00767
7981, 0.00845
7983, 0.007989
7984, 0.009145
7986, 0.00798
7987, 0.00832
7989, 0.009196
7990, 0.008171
7992, 0.007508
7993, 0.010249
7995, 0.007248
7996, 0.008775
7998, 0.009515
7999, 0.009678
8000, 0.00309
