0.000542
0.0006
0.000792
0.001733
0.002231
0.002365
0.002466
0.002697
0.002867
0.003026
0.00318
0.003252
0.003351
0.003427
0.003501
0.003583
0.003796
0.004335
0.0044
0.004492
0.004609
0.004712
0.004834
0.004993
0.005134
0.005277
0.005429
0.005576
0.00723
0.007462
0.008083
0.008574
0.009004
0.009169
0.009321
0.009443
0.009569
0.009652
0.00981
0.009976
0.010135
0.010293
0.010598
0.01075
0.010842
0.011215
0.011521
0.011834
0.011995
0.012123
0.01222
0.012273
0.012361
0.01245
0.012565
0.012611
0.012682
0.012722
0.012778
0.01284
0.012943
0.014012
0.014789
0.014946
0.014979
0.015039
0.015145
0.015281
0.015444
0.015684
0.015858
0.016012
0.016157
0.016301
0.016443
0.01658
0.0167
0.016746
0.016829
0.016922
0.017125
0.017298
0.017898
0.018397
0.019099
0.019178
0.02005
0.020474
0.020928
0.021279
0.021658
0.022088
0.022539
0.022999
0.02311
0.023483
0.023644
0.023953
0.02413
0.024232
0.024343
0.024558
0.024741
0.024933
0.025034
0.025159
0.025344
0.025568
0.025806
0.026035
0.026257
0.026467
0.02669
0.027069
0.027115
0.027149
0.027264
0.027323
0.027478
0.027642
0.027818
0.027998
0.028406
0.029023
0.029279
0.029892
0.030008
0.030273
0.030581
0.030848
0.031117
0.031379
0.031579
0.035447
0.03581
0.037074
0.037722
0.038992
0.03977
0.040761
0.041005
0.041166
0.041323
0.042782
0.043524
0.044436
0.044655
0.045351
0.045489
0.045576
0.045686
0.045786
0.045835
0.045991
0.046036
0.046097
0.046181
0.046231
0.046271
0.046311
0.046351
0.046392
0.046433
0.046473
0.046515
0.046556
0.046598
0.04664
0.046682
0.046726
0.046772
0.046815
0.046858
0.0469
0.046943
0.046987
0.04703
0.047077
0.047127
0.047236
0.047288
0.047334
0.047382
0.047471
0.047589
0.047645
0.047696
0.047748
0.047797
0.047844
0.047893
0.047948
0.048029
0.048111
0.048173
0.048229
0.048281
0.048332
0.048381
0.048429
0.048566
0.048628
0.048678
0.048774
0.048849
0.048903
0.048953
0.049081
0.049249
0.049313
0.049364
0.049414
0.049489
0.049552
0.049636
0.04969
0.049744
0.049801
0.049851
0.049901
0.049953
0.050028
0.050084
0.050137
0.050188
0.050267
0.05035
0.050414
0.05047
0.050531
0.050639
0.050826
0.050947
0.051043
0.05117
0.051333
0.051481
0.051597
0.051745
0.051868
0.05202
0.052223
0.052413
0.052637
0.052851
0.053038
0.053202
0.053342
0.053473
0.053641
0.053884
0.0545
0.054661
0.054797
0.054982
0.055228
0.055479
0.055698
0.055878
0.05601
0.056183
0.056333
0.056459
0.056616
0.056786
0.056897
0.057116
0.057273
0.057425
0.057519
0.057638
0.057746
0.057861
0.057949
0.058065
0.059109
0.059322
0.059467
0.059594
0.059714
0.059776
0.059837
0.059919
0.06001
0.060138
0.060243
0.060461
0.060611
0.060678
0.060742
0.06082
0.060954
0.061081
0.061239
0.061367
0.061497
0.061624
0.061766
0.061892
0.062021
0.062144
0.062277
0.062409
0.06254
0.062673
0.062857
0.063051
0.063254
0.063444
0.06358
0.063883
0.064078
0.064217
0.064702
0.064843
0.064978
0.065114
0.06527
0.065411
0.065553
0.065692
0.065828
0.065968
0.066116
0.066257
0.066368
0.066604
0.06675
0.066892
0.067029
0.067173
0.067294
0.067433
0.067569
0.067709
0.067909
0.06812
0.068339
0.068548
0.068761
0.06895
0.069097
0.069237
0.069335
0.069553
0.069712
0.06986
0.070009
0.070155
0.070306
0.070466
0.070624
0.070772
0.070923
0.071067
0.071216
0.071355
0.071508
0.071656
0.071793
0.071943
0.072041
0.072117
0.072192
0.072271
0.072358
0.072439
0.072518
0.072604
0.072685
0.072763
0.07284
0.072922
0.073001
0.073081
0.073159
0.073241
0.073327
0.073417
0.073542
0.073622
0.073755
0.073872
0.073968
0.075171
0.075274
0.077869
0.078228
0.078317
0.080382
0.080517
0.081909
0.082362
0.082949
0.083051
0.083151
0.084363
0.085666
0.087396
0.088389
0.089909
0.090053
0.091294
0.093003
0.094616
0.094896
0.09625
0.096599
0.097527
0.101544
0.104211
0.104771
0.105399
0.105528
0.106304
0.107083
0.111773
0.113986
0.115776
0.117175
0.117391
0.120011
0.121169
0.122439
0.122536
0.12299
0.124354
0.128104
0.12834
0.129005
0.129102
0.129195
0.129688
0.13181
0.134857
0.137459
0.141128
0.14566
0.152683
0.154303
0.155545
0.155882
0.158706
0.160055
0.164532
0.168058
0.171357
0.17413
0.179103
0.182161
0.18259
0.182956
0.183225
0.18769
0.19032
0.190691
0.194427
0.194848
0.196358
0.200348
0.202793
0.206934
0.210403
0.214519
0.21512
0.217958
0.222305
0.224426
0.226321
0.227003
0.227546
0.228141
0.228639
0.229118
0.229514
0.229885
0.230317
0.230921
0.231581
0.232084
0.232398
0.232959
0.23357
0.2341
0.234673
0.234942
0.23523
0.235771
0.236339
0.236925
0.237364
0.237837
0.238698
0.239158
0.239597
0.239971
0.240399
0.241066
0.241764
0.242061
0.24247
0.243132
0.243809
0.244182
0.244764
0.245476
0.246132
0.246758
0.247475
0.248047
0.248598
0.249233
0.249866
0.250331
0.250871
0.251537
0.252248
0.252502
0.253152
0.253767
0.254351
0.254977
0.255224
0.255827
0.256538
0.257188
0.257555
0.25808
0.258746
0.259332
0.259752
0.26024
0.260503
0.261042
0.261644
0.262182
0.262814
0.263288
0.26389
0.264549
0.265147
0.265562
0.266048
0.26665
0.267048
0.267469
0.267969
0.2687
0.269527
0.269952
0.270447
0.2712
0.271793
0.272223
0.272781
0.273419
0.274062
0.274578
0.275142
0.275755
0.276138
0.276636
0.277286
0.277947
0.278248
0.278814
0.279479
0.280067
0.280624
0.281216
0.28188
0.282532
0.283014
0.28358
0.28436
0.285114
0.285606
0.28625
0.286951
0.287577
0.288182
0.288866
0.289609
0.289919
0.290346
0.291194
0.291927
0.292474
0.293317
0.294007
0.294604
0.295192
0.296007
0.29669
0.297008
0.297665
0.298377
0.298985
0.299515
0.299845
0.300299
0.300822
0.301285
0.301676
0.302168
0.302768
0.303465
0.303799
0.304288
0.30512
0.305994
0.307009
0.307796
0.308427
0.309202
0.309705
0.310035
0.310739
0.31162
0.312329
0.312684
0.313324
0.314177
0.314623
0.315046
0.315886
0.316572
0.317027
0.31792
0.318702
0.31936
0.320202
0.320798
0.321396
0.322266
0.32292
0.323536
0.324394
0.324831
0.325336
0.326117
0.326956
0.327629
0.328294
0.328916
0.329656
0.330406
0.330921
0.331492
0.332136
0.332882
0.333525
0.334208
0.334747
0.335215
0.335605
0.336235
0.336762
0.337195
0.337692
0.338318
0.338987
0.339447
0.340201
0.34178
0.342672
0.343499
0.344186
0.344732
0.345144
0.345529
0.346014
0.346808
0.347535
0.348384
0.34941
0.34992
0.350565
0.351114
0.351539
0.351866
0.35241
0.353099
0.353638
0.35443
0.355223
0.355501
0.35607
0.356893
0.357642
0.358408
0.358977
0.359449
0.360311
0.361167
0.361438
0.362034
0.362873
0.372562
0.373332
0.378913
0.384708
0.399521
0.400641
0.401398
0.402349
0.402765
0.403432
0.404378
0.405065
0.405541
0.414945
0.415709
0.416431
0.416954
0.417583
0.418296
0.419136
0.419483
0.421632
0.42229
0.427402
0.428302
0.431708
0.432051
0.435084
0.448112
0.450632
0.455625
0.456644
0.475668
0.482779
0.488181
0.491411
0.503821
0.509248
0.513985
0.514678
0.527689
0.534988
0.536014
0.536543
0.537288
0.541209
0.552684
0.560406
0.563922
0.56434
0.56462
0.565072
0.565653
0.576586
0.5775
0.578455
0.579156
0.579918
0.580492
0.581077
0.581664
0.589211
0.589772
0.595325
0.600031
0.608158
0.611873
0.617471
0.62219
0.629071
0.634239
0.638815
0.645821
0.653219
0.659907
0.672679
0.678754
0.679379
0.681138
0.685419
0.695446
0.696362
0.697072
0.698125
0.698772
0.705704
0.706743
0.711032
0.712008
0.712723
0.71356
0.714461
0.715117
0.715838
0.716593
0.717361
0.720732
0.721442
0.722376
0.723074
0.723829
0.724711
0.725308
0.725982
0.726685
0.740871
0.747145
0.752676
0.753441
0.771949
0.77279
0.773597
0.77421
0.775075
0.776511
0.777458
0.780166
0.781324
0.78222
0.785615
0.786383
0.787404
0.787784
0.788538
0.789233
0.78994
0.790593
0.791471
0.792334
0.792868
0.793645
0.794665
0.795366
0.796203
0.797124
0.798013
0.798999
0.799944
0.800784
0.801175
0.80172
0.802269
0.803026
0.803772
0.804586
0.805353
0.806027
0.806656
0.807432
0.808065
0.808354
0.808724
0.809788
0.810795
0.812382
0.812929
0.813724
0.814659
0.81551
0.816408
0.817291
0.818254
0.818682
0.819489
0.820444
0.821266
0.821902
0.822811
0.823667
0.824486
0.826099
0.826781
0.827716
0.828631
0.829252
0.830101
0.831123
0.831604
0.832408
0.833291
0.834135
0.834995
0.835668
0.836475
0.837313
0.837755
0.838554
0.839497
0.840552
0.841501
0.842501
0.843125
0.843972
0.84486
0.845285
0.847315
0.848276
0.849026
0.849538
0.85036
0.851221
0.851804
0.852416
0.853191
0.854196
0.855262
0.855761
0.85643
0.857329
0.858079
0.858904
0.859454
0.8604
0.861093
0.861436
0.863651
0.864724
0.865917
0.866826
0.867787
0.868319
0.869159
0.870224
0.870595
0.871981
0.872912
0.873889
0.874968
0.875463
0.876419
0.877547
0.878501
0.879555
0.87988
0.880575
0.881451
0.881973
0.882824
0.883933
0.884399
0.888512
0.891297
0.899624
0.916672
0.919761
0.920562
0.921502
0.922337
0.924978
0.925535
0.927681
0.941635
0.94259
0.943833
0.944433
0.945425
0.946617
0.946967
0.947856
0.948966
0.949919
0.954175
0.955229
0.956362
0.957507
0.958353
0.959174
0.960423
0.961514
0.962616
0.963756
0.966875
0.967952
0.96888
0.969836
0.970868
0.972013
0.972846
0.973673
0.974737
0.975466
0.976475
0.977245
0.978248
0.979423
0.980209
0.981178
0.982196
0.982867
0.983685
0.984669
0.985504
0.986613
0.987051
0.988149
0.988561
0.989595
0.990211
0.994402
0.99565
1.00065
1.00195
1.00351
1.00492
1.00626
1.00672
1.00785
1.00841
1.00952
1.00991
1.01303
1.01435
1.01575
1.01715
1.01851
1.01884
1.02
1.02119
1.02214
1.02335
1.02429
1.02536
1.02647
1.0275
1.02859
1.02986
1.03072
1.03172
1.03283
1.03404
1.03483
1.03584
1.03695
1.04148
1.04606
1.05269
1.06888
1.06944
1.0773
1.08411
1.09739
1.10506
1.1071
1.10852
1.11291
1.11362
1.12267
1.12823
1.12863
1.12973
1.131
1.13226
1.13302
1.13405
1.13526
1.13982
1.14089
1.14221
1.14277
1.14397
1.14504
1.14811
1.14953
1.1579
1.16191
1.16339
1.16883
1.18101
1.18464
1.1852
1.18863
1.19432
1.2052
1.21073
1.21363
1.21714
1.22432
1.22884
1.23029
1.23313
1.23451
1.23588
1.23745
1.23857
1.23983
1.24095
1.2457
1.24654
1.25268
1.26855
1.27202
1.27904
1.28303
1.29648
1.30066
1.30199
1.30239
1.30837
1.3121
1.32811
1.33206
1.33581
1.33623
1.33968
1.35295
1.35658
1.35779
1.3618
1.36785
1.38236
1.38667
1.38807
1.39612
1.39948
1.3999
1.4128
1.41427
1.41492
1.41631
1.42247
1.43555
1.44239
1.44687
1.45294
1.46768
1.46904
1.47037
1.4718
1.4732
1.47458
1.47598
1.47739
1.4787
1.4802
1.48524
1.48639
1.48695
1.48807
1.48857
1.48964
1.49038
1.49153
1.49218
1.49334
1.49598
1.49715
1.49809
1.49916
1.50059
1.50198
1.50337
1.50478
1.50635
1.5078
1.51018
1.51824
1.51958
1.52285
1.52795
1.54339
1.54456
1.545
1.54623
1.5468
1.54792
1.5485
1.54967
1.55028
1.55149
1.55394
1.55524
1.55622
1.55753
1.55893
1.56031
1.56171
1.56302
1.56446
1.56589
1.56722
1.57133
1.57278
1.57623
1.58248
1.59883
1.60504
1.60955
1.61554
1.63179
1.63424
1.63711
1.64167
1.6523
1.65605
1.65684
1.6573
1.65776
1.65843
1.65951
1.66059
1.67863
1.68236
1.68278
1.6892
1.6907
1.69147
1.70492
1.70624
1.70674
1.70801
1.70858
1.70982
1.71038
1.71137
1.71181
1.71317
1.71471
1.71613
1.71737
1.71811
1.71948
1.72093
1.72456
1.72815
1.73657
1.74063
1.74723
1.75111
1.75452
1.77253
1.77924
1.78577
1.80241
1.80658
1.81317
1.81999
1.8323
1.83628
1.83997
1.84575
1.85722
1.86301
1.86693
1.8705
1.87194
1.881
1.88625
1.88895
1.88952
1.90044
1.90183
1.90752
1.90794
1.91165
1.91522
1.92399
1.92541
1.92682
1.92826
1.92967
1.93129
1.93282
1.93426
1.93569
1.93728
1.94475
1.95133
1.95767
1.95912
1.96985
1.97598
1.97663
1.97795
1.99247
1.99923
2.0054
2.01206
2.02499
2.0315
2.03781
2.04678
2.05018
2.05631
2.06254
2.07631
2.07775
2.07918
2.08571
2.08717
2.09081
2.09707
2.10107
2.10165
2.1056
2.10708
2.10861
2.11001
2.11091
2.11566
2.11717
2.11883
2.12
2.12371
2.13021
2.13164
2.14369
2.15013
2.15427
2.16933
2.17544
2.18228
2.18627
2.18791
2.19843
2.20001
2.20447
2.20601
2.21013
2.21381
2.22844
2.23466
2.23871
2.24286
2.26219
2.26855
2.27514
2.28596
2.29161
2.29742
2.30103
2.3025
2.30828
2.31264
2.31414
2.3186
2.32014
2.32187
2.3234
2.32481
2.33052
2.33566
2.33713
2.34136
2.34664
2.35647
2.36018
2.36112
2.36171
2.36229
2.36285
2.36341
2.36397
2.36632
2.36694
2.36752
2.36809
2.36865
2.36921
2.36978
2.37036
2.37092
2.37148
2.37205
2.37262
2.37317
2.37373
2.3767
2.3773
2.37787
2.38389
2.38439
2.38469
2.385
2.38527
2.38551
2.38576
2.386
2.38624
2.38647
2.38893
2.39
2.39064
2.3913
2.39217
2.39306
2.39405
2.39535
2.39633
2.3976
2.3984
2.39942
2.40111
2.4025
2.40332
2.40445
2.40556
2.40697
2.40812
2.40962
2.41027
2.41176
2.41249
2.414
2.41462
2.41606
2.4169
2.41835
2.41929
2.42206
2.42369
2.42473
2.42622
2.42724
2.42869
2.42977
2.43117
2.43254
2.43424
2.43518
2.43675
2.43766
2.43849
2.44015
2.44191
2.44266
2.44422
2.44515
2.4464
2.44736
2.44882
2.44996
2.45136
2.45245
2.45485
2.45633
2.45701
2.45895
2.461
2.46347
2.46541
2.4676
2.47569
2.47731
2.48266
2.48794
2.51303
2.51729
2.51873
2.52391
2.53207
2.54466
2.5461
2.553
2.55906
2.56061
2.5686
2.57552
2.58185
2.5833
2.58412
2.59353
2.59481
2.59588
2.59668
2.59787
2.60428
2.61084
2.61452
2.61591
2.61969
2.62561
2.6315
2.63322
2.63684
2.64236
2.64512
2.64578
2.64888
2.64949
2.65007
2.65055
2.65117
2.65182
2.65238
2.65354
2.65461
2.65579
2.65714
2.65859
2.65935
2.66074
2.66242
2.66437
2.6651
2.66664
2.66811
2.66955
2.67126
2.67278
2.67403
2.67532
2.67679
2.67788
2.67912
2.67978
2.68138
2.68206
2.68366
2.6842
2.68575
2.68659
2.68819
2.68873
2.69035
2.69096
2.69237
2.6936
2.69506
2.69621
2.69764
2.69846
2.69989
2.70141
2.70281
2.70428
2.70584
2.70756
2.70917
2.71065
2.71182
2.71326
2.71423
2.71521
2.71649
2.71697
2.71795
2.71894
2.71991
2.72143
2.72223
2.72372
2.72496
2.72708
2.7287
2.72952
2.73108
2.73256
2.7342
2.73565
2.73709
2.73871
2.74016
2.74161
2.74264
2.74413
2.74565
2.74712
2.74806
2.74972
2.75068
2.7519
2.75317
2.75442
2.75572
2.75704
2.75835
2.75968
2.76131
2.76279
2.76396
2.76548
2.76652
2.768
2.76898
2.77112
2.7758
2.77735
2.78149
2.78195
2.78354
2.78481
2.78604
2.78745
2.78857
2.79603
2.80501
2.80918
2.82213
2.82386
2.82514
2.82629
2.8332
2.84605
2.84762
2.84922
2.8538
2.85535
2.85685
2.85831
2.85962
2.86766
2.87181
2.87557
2.88203
2.88286
2.88554
2.88707
2.88865
2.89028
2.89201
2.8928
2.89431
2.89588
2.89659
2.89736
2.89784
2.89837
2.89931
2.9005
2.90123
2.90168
2.9027
2.90384
2.90467
2.90576
2.90728
2.91049
2.91389
2.91647
2.91853
2.91982
2.92152
2.92273
2.92426
2.92593
2.92755
2.92929
2.93087
2.93257
2.93429
2.93546
2.9359
2.93757
2.93922
2.94099
2.94163
2.94316
2.94477
2.94543
2.94708
2.94869
2.9503
2.95192
2.95327
2.95423
2.95587
2.95753
2.95921
2.96074
2.96262
2.96363
2.96542
2.9668
2.96822
2.96935
2.97068
2.97742
2.98872
2.99114
2.99267
2.99874
3.0117
3.01366
3.01553
3.01765
3.01825
3.02132
3.03109
3.04609
3.04997
3.05082
3.05259
3.05892
3.05945
3.07703
3.08496
3.09701
3.10777
3.12902
3.1306
3.1404
3.14184
3.14797
3.15356
3.16308
3.17744
3.18951
3.20425
3.22957
3.23154
3.23341
3.23506
3.23587
3.23808
3.23862
3.23974
3.25711
3.25821
3.26775
3.26855
3.27588
3.30053
3.30592
3.30699
3.31288
3.31371
3.34296
3.35004
3.35398
3.35884
3.36382
3.38298
3.38443
3.3858
3.38726
3.38868
3.38941
3.39814
3.41027
3.41202
3.41377
3.42028
3.42213
3.43022
3.43888
3.44056
3.44217
3.44265
3.44417
3.44475
3.44533
3.44614
3.44825
3.45013
3.45095
3.45251
3.45419
3.45587
3.45749
3.45946
3.46197
3.4642
3.4658
3.46641
3.46806
3.46969
3.47159
3.47306
3.47361
3.47505
3.48483
3.48698
3.49286
3.49566
3.5025
3.50463
3.50511
3.50703
3.50912
3.50989
3.51188
3.51252
3.51403
3.51543
3.51695
3.51814
3.51992
3.52081
3.52263
3.52358
3.52493
3.52629
3.52811
3.52871
3.53019
3.53115
3.53376
3.53441
3.53626
3.53684
3.53883
3.53938
3.54087
3.54217
3.54411
3.54491
3.54639
3.54777
3.55021
3.55193
3.55325
3.55524
3.55586
3.55771
3.55843
3.56036
3.57209
3.58205
3.59196
3.59759
3.61429
3.62495
3.63419
3.64664
3.65655
3.66209
3.67204
3.67417
3.68631
3.69646
3.703
3.70981
3.71805
3.72166
3.73277
3.74281
3.75237
3.75947
3.76979
3.78218
3.79246
3.80147
3.81492
3.82084
3.82133
3.83304
3.8497
3.85539
3.86588
3.87437
3.87606
3.8827
3.88863
3.89339
3.89739
3.89902
3.91022
3.91537
3.92014
3.92164
3.92653
3.93087
3.9363
3.9432
3.95127
3.95933
3.96652
3.96809
3.97506
3.97656
3.98116
3.9918
3.99929
4.00107
4.00274
4.00741
4.01766
4.02335
4.03405
4.03504
4.03684
4.03819
4.04317
4.04406
4.0452
4.04649
4.05046
4.05187
4.05337
4.06162
4.06302
4.06455
4.06614
4.06669
4.06806
4.06924
4.07102
4.07263
4.07425
4.07506
4.07598
4.07724
4.07781
4.0789
4.08016
4.08484
4.08597
4.08708
4.09168
4.09613
4.09793
4.09962
4.10135
4.10339
4.10489
4.10636
4.10786
4.10941
4.11093
4.1124
4.11391
4.11542
4.11662
4.1181
4.11953
4.12075
4.12242
4.12421
4.12564
4.12756
4.12917
4.13428
4.13972
4.15196
4.15808
4.16011
4.1703
4.17237
4.18278
4.1848
4.19221
4.20122
4.2019
4.21293
4.21639
4.21822
4.22256
4.22309
4.23332
4.23383
4.23912
4.2467
4.26034
4.261
4.26847
4.27212
4.27672
4.28944
4.29148
4.29883
4.29922
4.29961
4.3
4.30368
4.30413
4.30486
4.30599
4.3065
4.30806
4.31494
4.31627
4.32423
4.32502
4.32559
4.32634
4.32707
4.32749
4.32794
4.3286
4.33314
4.33393
4.33735
4.34734
4.3537
4.35683
4.35726
4.35898
4.36781
4.37022
4.37931
4.3844
4.38809
4.4028
4.40954
4.41764
4.42287
4.43058
4.44185
4.44229
4.45148
4.46835
4.47599
4.48069
4.48382
4.49689
4.50759
4.51066
4.51132
4.51175
4.5159
4.52377
4.52971
4.53315
4.54091
4.54261
4.54908
4.55876
4.56192
4.5727
4.58322
4.59281
4.59865
4.60012
4.6009
4.60996
4.6149
4.62502
4.62938
4.63872
4.63969
4.65615
4.66583
4.67539
4.68446
4.69387
4.6966
4.69738
4.70408
4.70902
4.71045
4.71903
4.7226
4.72544
4.7303
4.73077
4.74091
4.75149
4.75273
4.75424
4.7555
4.76223
4.76968
4.77068
4.77523
4.77626
4.7769
4.77844
4.77982
4.78082
4.78181
4.78699
4.7887
4.78993
4.79116
4.79205
4.79279
4.79382
4.79473
4.79551
4.79593
4.79723
4.79845
4.79912
4.80027
4.80136
4.80176
4.80214
4.80252
4.80295
4.80341
4.80382
4.8042
4.80467
4.80508
4.80939
4.81017
4.81388
4.81835
4.82273
4.8273
4.82852
4.83003
4.84077
4.84799
4.85426
4.8547
4.86302
4.86814
4.87259
4.87944
4.88014
4.88084
4.8844
4.89474
4.90628
4.90965
4.91455
4.91614
4.92437
4.92992
4.93245
4.93287
4.93327
4.93367
4.93409
4.93951
4.94356
4.94837
4.95023
4.95517
4.96275
4.96323
4.97555
4.98566
5.00882
5.0141
5.01598
5.01696
5.0186
5.01967
5.02017
5.02141
5.03239
5.035
5.03597
5.03798
5.0397
5.04051
5.04254
5.04484
5.04537
5.04662
5.05175
5.05362
5.05447
5.05628
5.05743
5.05891
5.06018
5.06141
5.06306
5.06431
5.06655
5.06782
5.06893
5.06993
5.07073
5.07148
5.0724
5.07353
5.07594
5.07726
5.07832
5.07947
5.08111
5.08225
5.0838
5.0843
5.08592
5.08711
5.08874
5.08985
5.0915
5.09262
5.09427
5.09532
5.09667
5.10283
5.10445
5.10575
5.12233
5.12433
5.13587
5.1427
5.17176
5.17877
5.18083
5.18184
5.18428
5.19352
5.1947
5.22189
5.22361
5.2252
5.22661
5.2279
5.22919
5.23044
5.23234
5.23294
5.23477
5.23576
5.2373
5.23859
5.23927
5.24053
5.24646
5.25215
5.28168
5.28386
5.28652
5.29623
5.30028
5.31616
5.32221
5.32332
5.32547
5.3263
5.32854
5.32978
5.33181
5.33258
5.33845
5.34066
5.34265
5.34429
5.34609
5.34766
5.34924
5.35083
5.36521
5.37422
5.38459
5.39307
5.41308
5.42319
5.42597
5.43353
5.43589
5.4586
5.47001
5.48104
5.50221
5.5088
5.51363
5.52271
5.54797
5.55566
5.56374
5.57348
5.57502
5.58806
5.58976
5.59132
5.59288
5.59447
5.59606
5.59841
5.60001
5.60159
5.60314
5.60569
5.6074
5.6092
5.61098
5.61577
5.62244
5.62743
5.63143
5.63678
5.64604
5.66503
5.67029
5.67487
5.68221
5.68378
5.68534
5.71158
5.71951
5.72483
5.73244
5.74436
5.75239
5.75749
5.77142
5.78038
5.7884
5.79688
5.81061
5.81808
5.81991
5.8279
5.83717
5.83878
5.84043
5.84552
5.85019
5.85951
5.87026
5.87197
5.87361
5.87531
5.87723
5.87878
5.88048
5.88202
5.9129
5.921
5.92894
5.93778
5.96201
5.97128
5.98015
5.9826
6.0104
6.0122
6.02029
6.0254
6.0405
6.04693
6.04859
6.05373
6.0553
6.05693
6.0772
6.08659
6.09519
6.10391
6.11548
6.12419
6.12603
6.12783
6.12962
6.14496
6.14681
6.14839
6.1535
6.15509
6.15926
6.16307
6.17217
6.17332
6.17511
6.17631
6.17759
6.1866
6.18784
6.19705
6.20319
6.20406
6.20735
6.21052
6.21641
6.21736
6.21815
6.21891
6.22378
6.22475
6.23028
6.23838
6.23958
6.24424
6.24903
6.25059
6.25202
6.26143
6.26236
6.27437
6.28152
6.28815
6.30329
6.3048
6.30954
6.31093
6.31559
6.3174
6.31989
6.32856
6.3307
6.3329
6.33505
6.33713
6.33922
6.34139
6.34352
6.34581
6.34704
6.34917
6.35029
6.35252
6.35417
6.3565
6.35707
6.35926
6.36837
6.37082
6.38236
6.38405
6.39474
6.40102
6.40897
6.41773
6.41956
6.42208
6.42843
6.4388
6.44067
6.45512
6.45748
6.45925
6.46083
6.46242
6.46414
6.46572
6.46746
6.46943
6.47527
6.47776
6.47839
6.48081
6.48313
6.4855
6.48609
6.48801
6.49023
6.49202
6.50588
6.51787
6.53092
6.53255
6.54994
6.56063
6.56694
6.57365
6.57594
6.59142
6.59403
6.59664
6.59869
6.60489
6.60825
6.61746
6.61981
6.62164
6.62398
6.62497
6.62795
6.63032
6.63186
6.63369
6.63528
6.64325
6.64955
6.65472
6.66011
6.67548
6.67819
6.68117
6.68374
6.6854
6.68684
6.68827
6.69174
6.69322
6.69498
6.69711
6.70014
6.70088
6.70308
6.71224
6.72774
6.74363
6.75253
6.75447
6.75561
6.75636
6.75759
6.75874
6.76114
6.76187
6.76847
6.77057
6.77238
6.77339
6.77421
6.77524
6.77675
6.7805
6.78231
6.78345
6.78456
6.78592
6.78704
6.78844
6.78977
6.79084
6.79237
6.79397
6.7945
6.79611
6.79842
6.80028
6.80173
6.80354
6.81118
6.8188
6.82025
6.82161
6.83065
6.83758
6.83896
6.84115
6.84338
6.85094
6.85774
6.86356
6.87119
6.87882
6.88633
6.89719
6.91758
6.9332
6.94648
6.95954
6.9695
6.98548
6.99383
7.01374
7.02273
7.03158
7.04656
7.05419
7.07095
7.0831
7.0918
7.09408
7.1097
7.12237
7.1354
7.14971
7.16105
7.17243
7.17883
7.19284
7.20461
7.21021
7.21648
7.21851
7.22587
7.22837
7.23082
7.23295
7.2353
7.23766
7.24015
7.2426
7.2443
7.24665
7.24897
7.25085
7.25346
7.25419
7.25645
7.25894
7.26146
7.26401
7.2665
7.26886
7.27124
7.27449
7.2761
7.2777
7.27931
7.28603
7.29972
7.30204
7.30454
7.30697
7.30944
7.31178
7.31433
7.31622
7.31787
7.31948
7.32269
7.32529
7.32801
7.32872
7.33083
7.33259
7.33882
7.34601
7.36121
7.37467
7.38819
7.39117
7.40324
7.40628
7.41977
7.42689
7.42858
7.43038
7.43839
7.44039
7.44224
7.44412
7.44593
7.45787
7.45968
7.46895
7.47072
7.47828
7.49177
7.49391
7.50068
7.51255
7.52076
7.53275
7.54708
7.55774
7.56026
7.57319
7.58523
7.58713
7.6017
7.60404
7.60602
7.60831
7.61014
7.61198
7.61442
7.62552
7.64016
7.64815
7.65053
7.65665
7.66209
7.68651
7.69247
7.70202
7.70798
7.72752
7.73307
7.73805
7.73973
7.74136
7.75038
7.7709
7.77254
7.77813
7.78058
7.79196
7.80781
7.81425
7.81607
7.82262
7.82506
7.82707
7.82923
7.83094
7.84149
7.84317
7.84522
7.84798
7.85077
7.8533
7.85572
7.85807
7.86044
7.86308
7.86938
7.87237
7.87431
7.87627
7.87817
7.87977
7.88141
7.88337
7.88511
7.88683
7.88894
7.89151
7.8938
7.89616
7.8981
7.90023
7.90277
7.90463
7.90666
7.90907
7.91082
7.92449
7.93756
7.93931
7.94104
7.94283
7.95591
7.95843
7.97281
7.98071
7.98898
8.00657
8.01482
8.02271
8.02489
8.03741
8.05133
8.06427
8.07371
8.07976
8.09694
8.10858
8.11623
8.11948
8.12217
8.15345
8.15632
8.15907
8.16284
8.16513
8.16812
8.17067
8.17831
8.19747
8.20638
8.20895
8.21156
8.21398
8.21648
8.2172
8.21994
8.23197
8.23398
8.23569
8.23887
8.24101
8.24338
8.24524
8.24714
8.24974
8.25165
8.25701
8.26009
8.26159
8.26509
8.26617
8.26941
8.28496
8.29812
8.29996
8.30262
8.31112
8.31911
8.32873
8.35242
8.36426
8.37891
8.39303
8.4146
8.42034
8.42218
8.42446
8.42699
8.45261
8.45979
8.46596
8.47558
8.49781
8.50924
8.52189
8.52276
8.54521
8.55716
8.5696
8.57717
8.59426
8.60234
8.61614
8.62843
8.64443
8.64779
8.66783
8.6757
8.70092
8.71547
8.72892
8.73147
8.75043
8.75295
8.76366
8.77629
8.79233
8.79447
8.79627
8.8013
8.80588
8.81116
8.81281
8.82016
8.82272
8.82465
8.83104
8.83685
8.84372
8.85782
8.86636
8.86789
8.86867
8.87432
8.87505
8.87568
8.88039
8.88148
8.88264
8.88392
8.88509
8.892
8.8932
8.91178
8.92345
8.92484
8.93228
8.93981
8.95356
8.96268
8.97194
8.97757
8.99233
9.00129
9.00319
9.01284
9.02844
9.03479
9.04168
9.04834
9.06163
9.06768
9.07012
9.07182
9.07368
9.07551
9.08096
9.08999
9.09782
9.09962
9.10546
9.10719
9.11358
9.12305
9.12554
9.12829
9.13087
9.13321
9.13549
9.13763
9.14003
9.14224
9.14989
9.15217
9.1547
9.15722
9.16481
9.17626
9.19075
9.20023
9.20293
9.21346
9.23064
9.23949
9.24793
9.26321
9.27111
9.27857
9.28659
9.29902
9.30734
9.31457
9.32765
9.33759
9.34389
9.3531
9.36801
9.3796
9.38952
9.39206
9.40454
9.40693
9.42034
9.42329
9.43026
9.44529
9.45277
9.45576
9.46257
9.46839
9.48571
9.49565
9.50571
9.51671
9.53396
9.54252
9.5518
9.55485
9.56813
9.57648
9.5847
9.6025
9.60781
9.61563
9.62058
9.63827
9.64328
9.65156
9.66005
9.67605
9.68475
9.69274
9.71094
9.72032
9.7223
9.72418
9.7262
9.72812
9.72985
9.73163
9.74023
9.74206
9.74402
9.75287
9.75458
9.75944
9.77019
9.77512
9.78501
9.78742
9.78909
9.79117
9.79788
9.79982
9.80172
9.80353
9.80558
9.80738
9.80951
9.81123
9.81289
9.81474
9.81674
9.8192
9.82088
9.82253
9.82417
9.82584
9.82773
9.8294
9.83113
9.8328
9.83492
9.83743
9.83932
9.84136
9.84966
9.85148
9.85319
9.85493
9.8737
9.88265
9.89297
9.91876
9.92788
9.92978
9.93166
9.93379
9.93578
9.93795
9.93987
9.94791
9.94983
9.95163
9.95373
9.95538
9.9604
9.96457
9.96655
9.97197
9.97356
9.97502
9.97612
9.97722
9.97827
9.97932
9.98114
9.98257
9.98425
9.98597
9.98819
9.98988
9.99159
9.99378
9.99617
10.0017
10.0072
10.0145
10.0233
10.0318
10.0425
10.0509
10.0567
10.0618
10.0641
10.0662
10.068
10.0743
10.0761
10.0781
10.0799
10.0819
10.0836
10.086
10.0933
10.0957
10.1093
10.1201
10.122
10.1237
10.1254
10.1282
10.1376
10.1396
10.1415
10.1432
10.1449
10.1469
10.1493
10.151
10.1527
10.1545
10.1577
10.1594
10.1611
10.1632
10.1649
10.1668
10.1742
10.1807
10.1943
10.2032
10.2123
10.219
10.2317
10.2372
10.2454
10.2541
10.2686
10.2783
10.28
10.2855
10.3
10.3026
10.312
10.317
10.3314
10.3411
10.3431
10.3516
10.3711
10.3804
10.3883
10.3967
10.4167
10.426
10.4336
10.4501
10.4593
10.4693
10.4713
10.4902
10.4992
10.5081
10.5132
10.5314
10.5419
10.5492
10.5717
10.5845
10.5963
10.603
10.6196
10.6309
10.633
10.6347
10.6472
10.6645
10.6745
10.6769
10.6791
10.6817
10.6835
10.694
10.6971
10.6994
10.7012
10.7033
10.7055
10.7076
10.7098
10.7249
10.7374
10.7426
10.7515
10.7671
10.7746
10.7835
10.7885
10.7909
10.8018
10.8041
10.813
10.8149
10.8207
10.83
10.8387
10.8472
10.8615
10.8734
10.8761
10.8774
10.8804
10.883
10.8857
10.9032
10.9052
10.9109
10.9155
10.9202
10.9404
10.9429
10.9458
10.9483
10.9513
10.9534
10.9728
10.9782
10.9896
10.9917
11.0011
11.0195
11.031
11.0421
11.0447
11.0473
11.0577
11.0621
11.0647
11.067
11.0699
11.0719
11.0737
11.0756
11.0775
11.0792
11.0877
11.0896
11.0913
11.0931
11.1007
11.112
11.1373
11.1493
11.1567
11.1681
11.1835
11.1974
11.1999
11.2115
11.2357
11.2452
11.2539
11.2556
11.2741
11.2827
11.2884
11.2937
11.2989
11.3136
11.3221
11.3246
11.3384
11.3401
11.3418
11.3659
11.3722
11.383
11.4085
11.4209
11.4283
11.431
11.4425
11.4633
11.4651
11.4668
11.4732
11.4787
11.4807
11.4967
11.5033
11.5097
11.5128
11.5277
11.5477
11.562
11.5638
11.5748
11.6019
11.6158
11.6266
11.6284
11.653
11.6685
11.6711
11.6735
11.676
11.6788
11.6818
11.7064
11.7164
11.7323
11.7458
11.7674
11.7796
11.7823
11.7992
11.8253
11.8362
11.8439
11.8554
11.8761
11.8923
11.9101
11.9336
11.9509
11.9624
11.9872
11.989
11.997
12.0107
12.0234
12.0445
12.0557
12.0681
12.0884
12.0978
12.1079
12.1262
12.1338
12.1427
12.1501
12.1647
12.1716
12.1786
12.1916
12.1972
12.2055
12.2136
12.224
12.2337
12.2436
12.2545
12.2676
12.2734
12.2753
12.2771
12.2843
12.3
12.3131
12.3257
12.3342
12.3369
12.3557
12.3575
12.3594
12.3614
12.3634
12.3654
12.3672
12.3684
12.3699
12.38
12.3864
12.3927
12.4034
12.4489
12.4574
12.4637
12.4735
12.5116
12.5234
12.5296
12.5429
12.5837
12.5855
12.5925
12.5992
12.6103
12.6123
12.6167
12.6185
12.6205
12.6222
12.6251
12.628
12.6305
12.6331
12.6357
12.6394
12.6421
12.645
12.647
12.6491
12.6518
12.655
12.6576
12.666
12.6775
12.6901
12.7028
12.7148
12.73
12.7326
12.7351
12.7499
12.7637
12.7704
12.7784
12.7912
12.8033
12.8108
12.8179
12.8244
12.8361
12.8568
12.8682
12.8855
12.9018
12.9177
12.932
12.9345
12.9495
12.9642
12.9772
12.9899
13.0093
13.0213
13.0231
13.0249
13.0357
13.0616
13.0677
13.0793
13.0905
13.1084
13.1208
13.1281
13.1304
13.1532
13.1605
13.1715
13.1736
13.1756
13.1913
13.204
13.2104
13.2168
13.2188
13.2207
13.2321
13.2394
13.2522
13.2594
13.2729
13.2839
13.2952
13.3153
13.3294
13.3414
13.3539
13.3768
13.3905
13.3989
13.4187
13.4328
13.4463
13.4584
13.4718
13.4849
13.4931
13.5069
13.532
13.5393
13.5462
13.5524
13.559
13.5817
13.5932
13.595
13.606
13.6078
13.6097
13.6329
13.6445
13.6464
13.6606
13.6889
13.7006
13.713
13.7419
13.7437
13.7549
13.7661
13.7898
13.8019
13.8108
13.8221
13.8479
13.8607
13.8671
13.8776
13.9023
13.9098
13.9215
13.9299
13.9522
13.9588
13.9709
13.9775
14.002
14.0142
14.0209
14.0328
14.0555
14.0574
14.0687
14.0811
14.1055
14.1151
14.1255
14.1554
14.1677
14.1723
14.1763
14.2089
14.2293
14.2512
14.2688
14.3016
14.3105
14.3205
14.3286
14.3548
14.3561
14.3576
14.3593
14.3615
14.3644
14.3671
14.3787
14.4073
14.41
14.4194
14.4322
14.4507
14.4651
14.4767
14.4826
14.4903
14.4921
14.5012
14.5062
14.5078
14.516
14.5284
14.5309
14.5333
14.5362
14.538
14.5479
14.565
14.5663
14.575
14.5838
14.5865
14.589
14.5898
14.5922
14.6009
14.6036
14.606
14.6085
14.6109
14.614
14.6162
14.6191
14.6219
14.6362
14.6395
14.6518
14.6626
14.6785
14.6901
14.6929
14.7084
14.7299
14.7439
14.7466
14.7484
14.7497
14.7523
14.7531
14.7554
14.7664
14.7823
14.7905
14.8023
14.8041
14.8133
14.8153
14.8258
14.8371
14.862
14.8636
14.865
14.8663
14.8678
14.8696
14.8714
14.8734
14.903
14.9101
14.9218
14.9319
14.9635
14.9749
14.9864
14.9918
15.0089
15.0106
15.0118
15.0129
15.0144
15.0154
15.0178
15.0204
15.0229
15.0399
15.0429
15.0456
15.0464
15.049
15.0498
15.0521
15.0533
15.0558
15.0582
15.0649
15.0673
15.0867
15.1062
15.1352
15.1555
15.1763
15.1939
15.2196
15.2364
15.247
15.2721
15.2891
15.3042
15.3195
15.3352
15.3365
15.348
15.3571
15.3707
15.3805
15.3832
15.3995
15.4138
15.422
15.4349
15.4463
15.4578
15.4756
15.4775
15.4845
15.4863
15.4882
15.4903
15.5067
15.5147
15.522
15.5282
15.5445
15.5464
15.5484
15.5508
15.5527
15.5548
15.5566
15.5584
15.5604
15.5622
15.5698
15.5716
15.5767
15.5796
15.5821
15.5899
15.5919
15.6043
15.6106
15.6125
15.6143
15.6215
15.633
15.6348
15.6368
15.6387
15.641
15.6428
15.6461
15.6483
15.6501
15.663
15.6707
15.6818
15.6842
15.6863
15.6881
15.6899
15.6988
15.7007
15.7025
15.7046
15.7063
15.7082
15.71
15.7224
15.7341
15.7487
15.751
15.7528
15.7547
15.7734
15.7806
15.7876
15.7895
15.7914
15.7938
15.7956
15.7975
15.8057
15.8078
15.8097
15.8115
15.8133
15.8151
15.8171
15.8245
15.8464
15.8484
15.8502
15.852
15.8538
15.8557
15.8575
15.8593
15.8811
15.8954
15.9093
15.9381
15.94
15.9517
15.9573
15.9628
15.9646
15.9813
15.9839
15.9862
15.9884
15.9915
15.9941
16.0097
16.0291
16.0423
16.0545
16.0735
16.0862
16.096
16.1029
16.1172
16.1285
16.142
16.161
16.1745
16.1861
16.1996
16.2168
16.2288
16.2417
16.2574
16.2598
16.2713
16.2741
16.2815
16.2828
16.2891
16.3006
16.3033
16.313
16.3158
16.3286
16.3358
16.3423
16.35
16.3525
16.3553
16.3596
16.3623
16.365
16.3675
16.3808
16.3833
16.3857
16.3971
16.3999
16.4112
16.4141
16.4251
16.4408
16.4433
16.4461
16.4489
16.4633
16.4769
16.4837
16.4977
16.5073
16.5198
16.5266
16.5292
16.5314
16.5338
16.5478
16.5561
16.5584
16.5603
16.5622
16.5646
16.5677
16.5795
16.5883
16.5902
16.6007
16.6025
16.6046
16.6069
16.6094
16.6161
16.6179
16.6201
16.6292
16.6319
16.6381
16.6399
16.6418
16.6537
16.6614
16.6644
16.6724
16.6838
16.6982
16.7048
16.7157
16.7251
16.7431
16.756
16.7664
16.784
16.7976
16.8008
16.8157
16.8431
16.8529
16.8695
16.8846
16.9062
16.9224
16.9419
16.9504
16.972
16.9878
17.0021
17.0126
17.0373
17.0512
17.0532
17.055
17.0576
17.0594
17.0615
17.0782
17.0912
17.104
17.1061
17.1129
17.1413
17.1527
17.1641
17.1926
17.2023
17.2139
17.2465
17.2595
17.2713
17.2823
17.3103
17.3238
17.3361
17.37
17.3777
17.3882
17.3951
17.4163
17.4277
17.4338
17.4358
17.4472
17.4658
17.4693
17.4859
17.5034
17.5417
17.554
17.5643
17.5672
17.5966
17.6206
17.6439
17.6685
17.6899
17.7054
17.7191
17.7323
17.7463
17.7589
17.7613
17.7728
17.7752
17.7829
17.7906
17.7929
17.7954
17.7977
17.8044
17.8075
17.8109
17.8136
17.8209
17.8276
17.8332
17.8389
17.8467
17.8532
17.8565
17.8591
17.8697
17.8776
17.8848
17.894
17.9007
17.9147
17.9224
17.925
17.9311
17.933
17.9385
17.9487
17.9575
17.9594
17.9681
17.97
17.9758
17.9778
17.9799
17.9819
17.9903
17.9922
18.0012
18.0177
18.0308
18.033
18.0461
18.0991
18.1109
18.1187
18.1207
18.1345
18.1586
18.1657
18.1722
18.1786
18.1808
18.1957
18.1977
18.2002
18.2024
18.2046
18.2064
18.2084
18.211
18.2191
18.221
18.228
18.2301
18.233
18.2356
18.2384
18.2407
18.2431
18.2469
18.2492
18.2513
18.2532
18.2556
18.2577
18.2602
18.2621
18.2804
18.2823
18.2842
18.2861
18.2881
18.2899
18.2921
18.2945
18.3125
18.3228
18.3283
18.3361
18.3557
18.3687
18.3819
18.404
18.4202
18.4356
18.4513
18.4705
18.4817
18.4962
18.516
18.5253
18.5351
18.5505
18.5609
18.5731
18.5872
18.6076
18.6209
18.634
18.6518
18.6664
18.6786
18.696
18.7099
18.7241
18.7309
18.7511
18.7636
18.7753
18.7951
18.8048
18.8148
18.821
18.8388
18.8481
18.8558
18.8702
18.8924
18.9079
18.9218
18.9436
18.9582
18.9716
18.9856
19.0042
19.0166
19.0187
19.0286
19.0449
19.047
19.0533
19.0553
19.0624
19.0736
19.0756
19.0909
19.0928
19.1019
19.1041
19.1145
19.1229
19.1248
19.1408
19.1564
19.1731
19.1854
19.2
19.2127
19.2214
19.237
19.2464
19.2546
19.2735
19.2891
19.3031
19.3212
19.3319
19.3436
19.3623
19.3781
19.3952
19.4101
19.4323
19.4461
19.4574
19.475
19.492
19.5047
19.5279
19.5378
19.5495
19.5639
19.5851
19.5981
19.6102
19.6485
19.6661
19.6829
19.7129
19.7305
19.7476
19.763
19.7863
19.798
19.811
19.8346
19.8487
19.8622
19.8696
19.8922
19.9042
19.9145
19.9292
19.9412
19.9557
19.9663
19.9821
19.9918
20.0029
20.0209
20.0233
20.0253
20.0359
20.0482
20.0638
20.0735
20.0755
20.0872
20.1013
20.1086
20.1108
20.1127
20.1196
20.1355
20.1375
20.1444
20.1466
20.1571
20.1745
20.2085
20.2251
20.2391
20.2953
20.3062
20.3162
20.3293
20.3514
20.3588
20.3607
20.3676
20.3752
20.4276
20.4408
20.4514
20.5083
20.5165
20.5246
20.5325
20.5455
20.5916
20.601
20.6138
20.6287
20.6823
20.6894
20.6975
20.7053
20.7072
20.7177
20.7249
20.7342
20.7503
20.7889
20.8051
20.8214
20.8234
20.8265
20.8295
20.8397
20.8483
20.8498
20.8517
20.8582
20.8655
20.8887
20.8985
20.9056
20.9125
20.9144
20.9164
20.9377
20.9515
20.9595
20.9688
21.0087
21.0219
21.0351
21.0458
21.0645
21.0772
21.0792
21.0815
21.0834
21.0855
21.0885
21.0917
21.102
21.1166
21.1194
21.1221
21.1251
21.142
21.1641
21.1836
21.2045
21.2312
21.2528
21.2709
21.3026
21.3207
21.3464
21.367
21.3969
21.4141
21.4235
21.4334
21.4681
21.4815
21.4834
21.4979
21.5203
21.5315
21.5441
21.55
21.5642
21.5739
21.5839
21.5937
21.6103
21.6204
21.6269
21.6526
21.6653
21.6724
21.6744
21.6764
21.7009
21.7065
21.7183
21.721
21.7238
21.7265
21.7292
21.746
21.7491
21.7519
21.7547
21.7575
21.7603
21.7631
21.7658
21.7682
21.7704
21.781
21.7958
21.804
21.8184
21.8403
21.8422
21.8442
21.8461
21.8545
21.8629
21.8869
21.889
21.8911
21.9011
21.909
21.911
21.9323
21.9344
21.953
21.9696
21.9718
21.9739
21.9881
21.9974
21.9988
22
22.0107
22.0127
22.0144
22.0347
22.0467
22.0654
22.0805
22.0835
22.0905
22.0934
22.0966
22.0996
22.1024
22.1053
22.1082
22.1111
22.1247
22.1526
22.1648
22.1743
22.1934
22.2125
22.2311
22.2482
22.251
22.2829
22.2953
22.3077
22.3429
22.3613
22.3756
22.3783
22.4044
22.4113
22.4201
22.431
22.4435
22.4553
22.4616
22.4749
22.49
22.4978
22.5104
22.529
22.5418
22.5441
22.5576
22.5766
22.5882
22.6043
22.6216
22.6399
22.6516
22.6619
22.6773
22.6893
22.6914
22.6933
22.7081
22.7204
22.7257
22.7276
22.7392
22.7659
22.7756
22.7855
22.7974
22.8134
22.8397
22.8577
22.8757
22.9025
22.918
22.9315
22.9401
22.9649
22.9803
23.0025
23.042
23.0581
23.0791
23.1113
23.1251
23.1374
23.1553
23.1834
23.2008
23.2126
23.2426
23.26
23.2758
23.3039
23.3181
23.3291
23.3391
23.3641
23.3785
23.3966
23.4257
23.4411
23.4572
23.4851
23.4996
23.5164
23.5193
23.5218
23.5246
23.5375
23.5551
23.573
23.5895
23.6034
23.6158
23.6236
23.6351
23.6473
23.6607
23.6733
23.6872
23.6952
23.7007
23.702
23.7222
23.7387
23.7539
23.7637
23.7863
23.8038
23.8126
23.8285
23.8568
23.8829
23.906
23.9348
23.9571
23.9597
23.9616
23.9635
23.9654
23.9674
23.9782
23.9812
23.984
23.9858
23.9891
23.9924
23.9958
23.9988
24.0011
24.003
24.005
24.0072
24.0092
24.0123
24.0159
24.0182
24.0208
24.0235
24.0255
24.0278
24.0298
24.0317
24.0336
24.0355
24.0375
24.04
24.0426
24.045
24.0476
24.05
24.0519
24.0542
24.0562
24.0581
24.0601
24.062
24.0644
24.0663
24.0683
24.0705
24.0724
24.0747
24.0987
24.1009
24.1029
24.1142
24.1554
24.1671
24.1694
24.1823
24.1899
24.2312
24.2495
24.2511
24.2649
24.2753
24.3009
24.3038
24.306
24.3079
24.3234
24.3544
24.373
24.3905
24.406
24.4384
24.453
24.4671
24.4902
24.5009
24.5093
24.528
24.5304
24.5394
24.5415
24.5435
24.5454
24.5474
24.5493
24.5515
24.554
24.5558
24.558
24.5637
24.5659
24.5678
24.5697
24.5716
24.5736
24.5837
24.586
24.6023
24.6045
24.6068
24.6173
24.6287
24.6411
24.6661
24.676
24.6781
24.688
24.69
24.6924
24.7044
24.7066
24.7086
24.7106
24.7126
24.7326
24.7348
24.7588
24.7609
24.7629
24.7648
24.767
24.769
24.771
24.7732
24.7752
24.7774
24.7798
24.782
24.7921
24.8051
24.8131
24.8326
24.8349
24.8371
24.8391
24.8411
24.8431
24.8451
24.8551
24.876
24.8853
24.8954
24.8975
24.8995
24.9015
24.9035
24.9054
24.9234
24.9255
24.9283
24.9303
24.9325
24.9359
24.9383
24.9406
24.9426
24.9445
24.9543
24.9659
24.9848
24.9868
24.9888
24.9986
25.0176
25.0206
25.0333
25.0354
25.0457
25.055
25.0792
25.0951
25.0971
25.1037
25.1196
25.1269
25.136
25.138
25.1404
25.1425
25.151
25.1531
25.155
25.157
25.159
25.1612
25.1632
25.1653
25.1674
25.1693
25.1743
25.1764
25.1786
25.1873
25.1967
25.1987
25.207
25.2223
25.2243
25.2263
25.2282
25.2302
25.2327
25.2347
25.2464
25.2485
25.2759
25.2944
25.3121
25.3462
25.3567
25.3663
25.3776
25.3974
25.431
25.4493
25.4571
25.4649
25.4922
25.4942
25.5113
25.5133
25.5309
25.5576
25.5681
25.5796
25.5816
25.5836
25.5855
25.5875
25.6149
25.617
25.6191
25.6375
25.6516
25.6726
25.6828
25.6849
25.7031
25.7317
25.7502
25.7694
25.786
25.8161
25.8289
25.8453
25.8788
25.8944
25.9084
25.9411
25.9599
25.978
25.9949
26.0218
26.0361
26.052
26.072
26.0734
26.0819
26.0913
26.0938
26.1035
26.1188
26.1288
26.1311
26.1433
26.1544
26.185
26.2045
26.2213
26.2394
26.2616
26.2807
26.2989
26.3084
26.3363
26.3561
26.3661
26.3758
26.397
26.4065
26.4236
26.4419
26.4663
26.4736
26.4798
26.4907
26.5074
26.5259
26.5339
26.5432
26.557
26.5616
26.5696
26.5716
26.5955
26.6054
26.6143
26.6214
26.6243
26.6423
26.6609
26.6697
26.6772
26.6959
26.6989
26.7128
26.7257
26.7405
26.754
26.7626
26.7661
26.7784
26.8006
26.8117
26.8341
26.8594
26.8712
26.8826
26.898
26.9096
26.9237
26.9258
26.935
26.9544
26.9669
26.9885
27.0058
27.0227
27.0252
27.0516
27.0537
27.0647
27.0753
27.0774
27.0795
27.0996
27.1102
27.1122
27.1279
27.1576
27.1599
27.1619
27.1699
27.176
27.178
27.2041
27.2147
27.2168
27.228
27.2471
27.2733
27.2822
27.2843
27.2959
27.298
27.3243
27.3397
27.342
27.3511
27.3598
27.3834
27.3994
27.4055
27.4232
27.4518
27.4694
27.4715
27.4735
27.4755
27.4775
27.4796
27.4956
27.4978
27.4998
27.5021
27.5043
27.5064
27.5087
27.5109
27.5483
27.5702
27.5931
27.6132
27.6418
27.6579
27.6758
27.6781
27.6957
27.7128
27.7296
27.759
27.7704
27.7828
27.7954
27.8205
27.8313
27.8482
27.8505
27.871
27.8876
27.9021
27.9187
27.9412
27.9604
27.9797
28.0019
28.0044
28.0066
28.0154
28.0304
28.0573
28.0677
28.0826
28.1004
28.1217
28.1381
28.154
28.1633
28.1818
28.1981
28.2161
28.2258
28.2529
28.2702
28.2855
28.3185
28.3369
28.3562
28.3741
28.4007
28.4134
28.4214
