234
376
578
696
803
904
1059
1188
1319
1434
1582
1729
1932
2098
2225
2351
2471
2593
2717
2853
2999
3146
3378
3527
3663
3791
3923
4067
4906
5054
5738
6506
6891
7049
7208
7368
7558
7754
7938
8136
8340
8520
8707
8884
9084
9295
9515
9726
9930
10134
10328
10526
10751
10942
11126
11335
11540
11754
11951
12137
12320
12544
12775
13088
13359
13621
13888
14129
14356
14595
14821
15047
15291
15525
15756
15996
16237
16644
17088
17343
17646
17982
18204
18427
18711
18978
19284
19541
19783
20091
20350
20677
20919
21192
21497
21787
22082
22377
22660
22968
23349
23656
23963
24392
24708
25033
25350
25681
25981
26305
26633
26969
27339
27674
28059
28404
28758
29090
29412
29875
30218
30691
31057
31412
31780
32156
32620
33037
33390
34141
34774
35498
36242
40105
41309
45129
45512
48082
49276
52529
52939
53355
53778
57029
65188
75527
76485
80651
81240
81930
82622
83351
84081
85579
86124
86486
86922
87517
87964
88471
88861
89386
89839
90211
90618
90971
91343
91868
92396
93960
94991
95708
96487
97636
98522
99075
99512
100339
100802
101709
102477
103012
103540
104023
104630
105668
106261
107095
107848
108802
109983
111273
111940
112628
113873
115238
115893
116643
117578
118232
119148
120522
121098
121583
122058
122541
123036
123550
124040
124515
124995
125532
126042
126544
127046
127559
128105
128670
129202
129720
130253
130798
131314
131844
132440
133017
133565
134107
134652
135193
135729
136266
136811
137349
137901
138449
139002
139558
140179
140826
141445
142029
142602
143178
143754
144340
144956
145581
146232
146876
147516
148171
149029
149726
150420
151128
151828
152512
153182
153961
154726
155690
156622
157390
158224
159062
159863
160633
161423
162228
162985
163927
164821
165606
166374
167401
168437
169266
170253
171419
172693
173583
174515
175346
176139
177190
178230
180007
183015
185482
187184
188529
190548
192025
193009
194012
195098
196227
197479
199323
201383
203549
205854
207302
208732
210610
211915
213326
215229
217129
218647
220796
221931
222938
223893
224855
225985
226999
228183
230324
232211
233455
234543
235607
236661
237693
238700
239793
240850
241922
242994
244090
245201
246469
247684
248882
250151
251443
252742
254039
255460
256951
258447
259909
261350
263122
264655
266100
267605
269080
270573
272055
273584
275078
276599
278168
279937
281560
283138
284249
285364
286491
287658
288823
290008
291199
292410
293640
294833
296188
297488
298786
300108
301509
303007
304392
305766
307328
308817
310257
311802
313361
314864
316382
325422
328882
337949
339809
340658
345800
346750
351353
352904
355856
357805
358542
362141
362967
366233
368100
371757
372728
380292
381052
385562
387011
391589
392428
397757
399504
404366
407625
411421
412309
413128
413943
414746
419586
423246
428318
429239
433148
437743
442643
443500
446964
452040
452967
453894
459633
460713
461631
462483
470169
475403
479863
484782
493939
498209
502928
505487
506366
510470
512356
516922
523221
528566
533143
537126
541825
542960
544063
545224
553037
558035
559093
565979
566922
569483
574750
577391
586488
591277
597364
598540
604075
612212
616301
617306
618300
619368
620451
621511
622527
623521
624507
625657
626811
627890
629147
630280
631347
632382
633425
634445
635479
636523
637567
638607
639645
640702
641748
642868
644095
645591
646918
648126
649302
650462
651642
652978
654289
655509
656722
657925
659871
661638
662907
664219
665640
667010
668304
670776
672986
674561
676564
678146
680038
681636
683819
687314
688905
690324
691697
693160
694634
696068
697799
699523
701395
703085
704519
705835
707145
708446
709791
711102
712460
713923
716389
718059
719466
720816
722175
723490
724816
726164
727500
728835
730176
731721
733444
734855
736204
737586
738982
740365
741762
743200
744585
745974
747409
749309
750922
752341
753771
755198
756632
758089
759541
760990
762439
763889
765637
767378
768960
770769
772619
774688
776702
778623
780372
782405
784177
785750
787268
788819
790358
791900
793432
794971
796527
798310
800236
801835
803410
805029
806605
808184
809764
811468
813078
814933
816917
818594
820253
821912
823538
825164
826795
828439
830126
832304
834271
836092
837838
839551
841260
843015
844734
846468
848621
850786
852696
854503
856273
858011
859791
861554
863375
866053
868209
870056
871843
873662
875811
877962
880395
882752
884686
886528
888374
890209
892076
894209
896715
900174
902760
905100
907376
909438
911868
915205
917683
919963
922123
924292
926611
929105
931955
934537
937058
939680
942838
945961
948945
951471
954032
956371
958867
962006
965770
968263
970788
973439
976081
979470
982213
984637
987080
989698
992251
995581
998557
1.00126e+06
1.00403e+06
1.0067e+06
1.00966e+06
1.01315e+06
1.01599e+06
1.01872e+06
1.02164e+06
1.02441e+06
1.02625e+06
1.02881e+06
1.03092e+06
1.03284e+06
1.03476e+06
1.09493e+06
1.11929e+06
1.19708e+06
1.25045e+06
1.27836e+06
1.28173e+06
1.28524e+06
1.2889e+06
1.29323e+06
1.29706e+06
1.30067e+06
1.30428e+06
1.30837e+06
1.31279e+06
1.31671e+06
1.32051e+06
1.32457e+06
1.32906e+06
1.33284e+06
1.3365e+06
1.34022e+06
1.34488e+06
1.34878e+06
1.38136e+06
1.40854e+06
1.4396e+06
1.44446e+06
1.50063e+06
1.55906e+06
1.5874e+06
1.61577e+06
1.61946e+06
1.63217e+06
1.6453e+06
1.65793e+06
1.66698e+06
1.67989e+06
1.69163e+06
1.7037e+06
1.7078e+06
1.71586e+06
1.72924e+06
1.73294e+06
1.73652e+06
1.74017e+06
1.74885e+06
1.75649e+06
1.76918e+06
1.77737e+06
1.78107e+06
1.78486e+06
1.78862e+06
1.7924e+06
1.7961e+06
1.79993e+06
1.80376e+06
1.80817e+06
1.81261e+06
1.81752e+06
1.82227e+06
1.82709e+06
1.8431e+06
1.84707e+06
1.86055e+06
1.87365e+06
1.88593e+06
1.89981e+06
1.91162e+06
1.92526e+06
1.93761e+06
1.95184e+06
1.96546e+06
1.98112e+06
1.99694e+06
2.03204e+06
2.0801e+06
2.11508e+06
2.11958e+06
2.1324e+06
2.16579e+06
2.19297e+06
2.19724e+06
2.2014e+06
2.20527e+06
2.20935e+06
2.28339e+06
2.28996e+06
2.32086e+06
2.32545e+06
2.32991e+06
2.33412e+06
2.33828e+06
2.34244e+06
2.34701e+06
2.35158e+06
2.3561e+06
2.36067e+06
2.36502e+06
2.36927e+06
2.37350e+06
2.37808e+06
2.38236e+06
2.38681e+06
2.39235e+06
2.39697e+06
2.43204e+06
2.52604e+06
2.58778e+06
2.59267e+06
2.63320e+06
2.6379e+06
2.64247e+06
2.64716e+06
2.6522e+06
2.65659e+06
2.66088e+06
2.66535e+06
2.66971e+06
2.6739e+06
2.67825e+06
2.68282e+06
2.68716e+06
2.69174e+06
2.69612e+06
2.70072e+06
2.70501e+06
2.70926e+06
2.71377e+06
2.71855e+06
2.72291e+06
2.72721e+06
2.73185e+06
2.73628e+06
2.74054e+06
2.74475e+06
2.74931e+06
2.75359e+06
2.75776e+06
2.7622e+06
2.76688e+06
2.77135e+06
2.77583e+06
2.78074e+06
2.7856e+06
2.79032e+06
2.79518e+06
2.80029e+06
2.80484e+06
2.80961e+06
2.81426e+06
2.819e+06
2.82348e+06
2.82794e+06
2.83282e+06
2.83727e+06
2.84181e+06
2.84635e+06
2.85098e+06
2.85554e+06
2.86016e+06
2.86541e+06
2.87028e+06
2.87486e+06
2.87930e+06
2.88431e+06
2.88970e+06
2.8943e+06
2.89925e+06
2.90398e+06
2.90874e+06
2.91927e+06
2.92392e+06
2.92852e+06
2.93358e+06
2.93832e+06
2.94301e+06
2.94791e+06
2.95264e+06
2.95724e+06
2.96179e+06
2.96709e+06
2.97205e+06
2.97678e+06
2.98204e+06
2.98691e+06
2.99266e+06
2.99878e+06
3.00369e+06
3.00842e+06
3.01393e+06
3.01936e+06
3.02412e+06
3.02918e+06
3.0347e+06
3.0396e+06
3.04454e+06
3.05022e+06
3.05507e+06
3.06003e+06
3.06574e+06
3.07068e+06
3.07572e+06
3.08186e+06
3.08706e+06
3.09203e+06
3.09849e+06
3.10376e+06
3.10893e+06
3.11505e+06
3.1205e+06
3.12584e+06
3.13226e+06
3.13754e+06
3.14256e+06
3.14886e+06
3.15418e+06
3.15924e+06
3.16528e+06
3.17101e+06
3.17528e+06
3.18041e+06
3.18521e+06
3.1895e+06
3.19372e+06
3.19884e+06
3.20316e+06
3.20718e+06
3.21106e+06
3.2162e+06
3.22028e+06
3.22418e+06
3.22879e+06
3.23377e+06
3.23775e+06
3.24231e+06
3.24766e+06
3.25204e+06
3.25615e+06
3.26096e+06
3.26475e+06
3.30808e+06
3.37586e+06
3.48124e+06
3.55298e+06
3.591e+06
3.5972e+06
3.60149e+06
3.60585e+06
3.6103e+06
3.61507e+06
3.61933e+06
3.62372e+06
3.62886e+06
3.63374e+06
3.6384e+06
3.64334e+06
3.64878e+06
3.6535e+06
3.65804e+06
3.66324e+06
3.66807e+06
3.67263e+06
3.67752e+06
3.68264e+06
3.68721e+06
3.69189e+06
3.69719e+06
3.70256e+06
3.70745e+06
3.71313e+06
3.71846e+06
3.72375e+06
3.72932e+06
3.73496e+06
3.73818e+06
3.74124e+06
3.74508e+06
3.7486e+06
3.75171e+06
3.7547e+06
3.75774e+06
3.76176e+06
3.76512e+06
3.76815e+06
3.77118e+06
3.77426e+06
3.7781e+06
3.78204e+06
3.78544e+06
3.78889e+06
3.79236e+06
3.79601e+06
3.79916e+06
3.80224e+06
3.80529e+06
3.80845e+06
3.81166e+06
3.81478e+06
3.85283e+06
3.88444e+06
3.90724e+06
3.91191e+06
3.91633e+06
3.92033e+06
3.92445e+06
3.92857e+06
3.93265e+06
3.93672e+06
3.94072e+06
3.94483e+06
3.94891e+06
3.95285e+06
3.95681e+06
3.96084e+06
3.96478e+06
3.96876e+06
3.97295e+06
3.97713e+06
3.9812e+06
3.98534e+06
3.98942e+06
3.99357e+06
3.99766e+06
4.00197e+06
4.00617e+06
4.01048e+06
4.01456e+06
4.01862e+06
4.02293e+06
4.02728e+06
4.0315e+06
4.03563e+06
4.0399e+06
4.07681e+06
4.12502e+06
4.17291e+06
4.19577e+06
4.2003e+06
4.21596e+06
4.23285e+06
4.23796e+06
4.25418e+06
4.25864e+06
4.26289e+06
4.27462e+06
4.28068e+06
4.29664e+06
4.30979e+06
4.3167e+06
4.32326e+06
4.32941e+06
4.33620e+06
4.3418e+06
4.3467e+06
4.35179e+06
4.35674e+06
4.36178e+06
4.3679e+06
4.3735e+06
4.37913e+06
4.38514e+06
4.40189e+06
4.40834e+06
4.42796e+06
4.44338e+06
4.44896e+06
4.47336e+06
4.49324e+06
4.50662e+06
4.51229e+06
4.52473e+06
4.54842e+06
4.57054e+06
4.61813e+06
4.63026e+06
4.64092e+06
4.68475e+06
4.70719e+06
4.71392e+06
4.72541e+06
4.72974e+06
4.73386e+06
4.73808e+06
4.74239e+06
4.74678e+06
4.75105e+06
4.78852e+06
4.8111e+06
4.92806e+06
5.03355e+06
5.10873e+06
5.18487e+06
5.22457e+06
5.28015e+06
5.35811e+06
5.37004e+06
5.38181e+06
5.46847e+06
5.51279e+06
5.59073e+06
5.63828e+06
5.68883e+06
5.69881e+06
5.71992e+06
5.77123e+06
5.82889e+06
5.83719e+06
5.88002e+06
5.95126e+06
5.9598e+06
6.00497e+06
6.0135e+06
6.10542e+06
6.16234e+06
6.17124e+06
6.2651e+06
6.27635e+06
6.28582e+06
6.29463e+06
6.39394e+06
6.49610e+06
6.55708e+06
6.57555e+06
6.65206e+06
6.66127e+06
6.66925e+06
6.67719e+06
6.68556e+06
6.69512e+06
6.70324e+06
6.71112e+06
6.7188e+06
6.72672e+06
6.73431e+06
6.74214e+06
6.74929e+06
6.75428e+06
6.7592e+06
6.76414e+06
6.76938e+06
6.77414e+06
6.77909e+06
6.78424e+06
6.7893e+06
6.79423e+06
6.79948e+06
6.8046e+06
6.81051e+06
6.81593e+06
6.82099e+06
6.82617e+06
6.83149e+06
6.83656e+06
6.84142e+06
6.84664e+06
6.98532e+06
7.04842e+06
7.16676e+06
7.24796e+06
7.31131e+06
7.32736e+06
7.33654e+06
7.34631e+06
7.35562e+06
7.3654e+06
7.37473e+06
7.38405e+06
7.39346e+06
7.40262e+06
7.41185e+06
7.42059e+06
7.43017e+06
7.43908e+06
7.44797e+06
7.45692e+06
7.46638e+06
7.47531e+06
7.48399e+06
7.4934e+06
7.5029e+06
7.54776e+06
7.57487e+06
7.60329e+06
7.6388e+06
7.71262e+06
7.78694e+06
7.83712e+06
7.89997e+06
7.97573e+06
8.0065e+06
8.06199e+06
8.12571e+06
8.14479e+06
8.1661e+06
8.17606e+06
8.18614e+06
8.19614e+06
8.20510e+06
8.21432e+06
8.22352e+06
8.37022e+06
8.51793e+06
8.58158e+06
8.74998e+06
8.76544e+06
8.77898e+06
8.79197e+06
8.80537e+06
8.81523e+06
8.82538e+06
8.83515e+06
8.84505e+06
8.85473e+06
8.86421e+06
8.87348e+06
8.88223e+06
8.89205e+06
8.90074e+06
8.90948e+06
8.91831e+06
8.92705e+06
8.93596e+06
9.01359e+06
9.14671e+06
9.21266e+06
9.34516e+06
9.5267e+06
9.57222e+06
9.59446e+06
9.73593e+06
9.82952e+06
9.90713e+06
9.93199e+06
9.99863e+06
1.0154e+07
1.02954e+07
1.03996e+07
1.04487e+07
1.0531e+07
1.06701e+07
1.07655e+07
1.08545e+07
1.08745e+07
1.08957e+07
1.09064e+07
1.09534e+07
1.09733e+07
1.09913e+07
1.09971e+07
1.10419e+07
1.10697e+07
1.11181e+07
1.11254e+07
1.11573e+07
1.11843e+07
1.11905e+07
1.11967e+07
1.12025e+07
1.12089e+07
1.12147e+07
1.12205e+07
1.12266e+07
1.12326e+07
1.12385e+07
1.12462e+07
1.13112e+07
1.13635e+07
1.13916e+07
1.13986e+07
1.14212e+07
1.14568e+07
1.14632e+07
1.14688e+07
1.1607e+07
1.16792e+07
1.17111e+07
1.17464e+07
1.17828e+07
1.18612e+07
1.18993e+07
1.19537e+07
1.19908e+07
1.2055e+07
1.21085e+07
1.21521e+07
1.21725e+07
1.21889e+07
1.22662e+07
1.22811e+07
1.2321e+07
1.2339e+07
1.23925e+07
1.2403e+07
1.2469e+07
1.24809e+07
1.2492e+07
1.25025e+07
1.25142e+07
1.25258e+07
1.25366e+07
1.25471e+07
1.25578e+07
1.26358e+07
1.27509e+07
1.27616e+07
1.29001e+07
1.29725e+07
1.30419e+07
1.32081e+07
1.33484e+07
1.35016e+07
1.35801e+07
1.35928e+07
1.36174e+07
1.3632e+07
1.37166e+07
1.3731e+07
1.38142e+07
1.38925e+07
1.39553e+07
1.40352e+07
1.40647e+07
1.41409e+07
1.43128e+07
1.4388e+07
1.44987e+07
1.45863e+07
1.46385e+07
1.46908e+07
1.47302e+07
1.47545e+07
1.47691e+07
1.48558e+07
1.4874e+07
1.49635e+07
1.49747e+07
1.49854e+07
1.49962e+07
1.50069e+07
1.50177e+07
1.50508e+07
1.50628e+07
1.51531e+07
1.5204e+07
1.53166e+07
1.54094e+07
1.54245e+07
1.54396e+07
1.54545e+07
1.54676e+07
1.54803e+07
1.54909e+07
1.5502e+07
1.55136e+07
1.55247e+07
1.55355e+07
1.55469e+07
1.55576e+07
1.5569e+07
1.558e+07
1.55909e+07
1.56023e+07
1.56137e+07
1.56265e+07
1.56396e+07
1.56517e+07
1.57492e+07
1.58281e+07
1.584e+07
1.59915e+07
1.60037e+07
1.60156e+07
1.60275e+07
1.60325e+07
1.60369e+07
1.60414e+07
1.60453e+07
1.60497e+07
1.60544e+07
1.6059e+07
1.60632e+07
1.60675e+07
1.60717e+07
1.60762e+07
1.60802e+07
1.60844e+07
1.6089e+07
1.60937e+07
1.6098e+07
1.61023e+07
1.6107e+07
1.61115e+07
1.61159e+07
1.61201e+07
1.61245e+07
1.61286e+07
1.61326e+07
1.61366e+07
1.61409e+07
1.61452e+07
1.61491e+07
1.61529e+07
1.61572e+07
1.61613e+07
1.61652e+07
1.6169e+07
1.61728e+07
1.61768e+07
1.61808e+07
1.61849e+07
1.6189e+07
1.61931e+07
1.61971e+07
1.62009e+07
1.62047e+07
1.62087e+07
1.62127e+07
1.6217e+07
1.62215e+07
1.62259e+07
1.62302e+07
1.62342e+07
1.62386e+07
1.62429e+07
1.62469e+07
1.62509e+07
1.62555e+07
1.62598e+07
1.62639e+07
1.62679e+07
1.62723e+07
1.62767e+07
1.62807e+07
1.62847e+07
1.62888e+07
1.62928e+07
1.62969e+07
1.63009e+07
1.63053e+07
1.63094e+07
1.63136e+07
1.63803e+07
1.6432e+07
1.65315e+07
1.66278e+07
1.67307e+07
1.68472e+07
1.68667e+07
1.69206e+07
1.69851e+07
1.70238e+07
1.70323e+07
1.71062e+07
1.71784e+07
1.71925e+07
1.72262e+07
1.7301e+07
1.73706e+07
1.73881e+07
1.73972e+07
1.74553e+07
1.75041e+07
1.75528e+07
1.75624e+07
1.75704e+07
1.76154e+07
1.76502e+07
1.76649e+07
1.76721e+07
1.77029e+07
1.77441e+07
1.77733e+07
1.77803e+07
1.7796e+07
1.79686e+07
1.80492e+07
1.80832e+07
1.81588e+07
1.81783e+07
1.81966e+07
1.82118e+07
1.82243e+07
1.82363e+07
1.82488e+07
1.82612e+07
1.82741e+07
1.8287e+07
1.82989e+07
1.83125e+07
1.8325e+07
1.83371e+07
1.83492e+07
1.83612e+07
1.83736e+07
1.83863e+07
1.83987e+07
1.84108e+07
1.84245e+07
1.84373e+07
1.84498e+07
1.84621e+07
1.84749e+07
1.84881e+07
1.85009e+07
1.85134e+07
1.8526e+07
1.85384e+07
1.85509e+07
1.85633e+07
1.85761e+07
1.85886e+07
1.86013e+07
1.86142e+07
1.86271e+07
1.86391e+07
1.86514e+07
1.86643e+07
1.86774e+07
1.86909e+07
1.87039e+07
1.87164e+07
1.87299e+07
1.87426e+07
1.87554e+07
1.8768e+07
1.87809e+07
1.8795e+07
1.88102e+07
1.88247e+07
1.88419e+07
1.88601e+07
1.88781e+07
1.88946e+07
1.89122e+07
1.89253e+07
1.89384e+07
1.89511e+07
1.89637e+07
1.89765e+07
1.89893e+07
1.90023e+07
1.90151e+07
1.90282e+07
1.9041e+07
1.90543e+07
1.90681e+07
1.90818e+07
1.9095e+07
1.91075e+07
1.91202e+07
1.91348e+07
1.91477e+07
1.91603e+07
1.91728e+07
1.91871e+07
1.91923e+07
1.9197e+07
1.92012e+07
1.92056e+07
1.92101e+07
1.92147e+07
1.92201e+07
1.92249e+07
1.92294e+07
1.9234e+07
1.92388e+07
1.92431e+07
1.92476e+07
1.9252e+07
1.92566e+07
1.9261e+07
1.92655e+07
1.92705e+07
1.92752e+07
1.92805e+07
1.92931e+07
1.92999e+07
1.9313e+07
1.93195e+07
1.93262e+07
1.93325e+07
1.93384e+07
1.93434e+07
1.93481e+07
1.94e+07
1.94409e+07
1.946e+07
1.94995e+07
1.95068e+07
1.95121e+07
1.95177e+07
1.9549e+07
1.95748e+07
1.95812e+07
1.9586e+07
1.96047e+07
1.96132e+07
1.96184e+07
1.96233e+07
1.96286e+07
1.97902e+07
1.99074e+07
1.99685e+07
2.0016e+07
2.0034e+07
2.0051e+07
2.00604e+07
2.0068e+07
2.00749e+07
2.00827e+07
2.00895e+07
2.00973e+07
2.01045e+07
2.01121e+07
2.01192e+07
2.01268e+07
2.01342e+07
2.01413e+07
2.01494e+07
2.01567e+07
2.0164e+07
2.01711e+07
2.01785e+07
2.01887e+07
2.0199e+07
2.02084e+07
2.02166e+07
2.02252e+07
2.02338e+07
2.02419e+07
2.02498e+07
2.02587e+07
2.0267e+07
2.02751e+07
2.02827e+07
2.02908e+07
2.02992e+07
2.03072e+07
2.03155e+07
2.03235e+07
2.03318e+07
2.03401e+07
2.03478e+07
2.03548e+07
2.03623e+07
2.03699e+07
2.03787e+07
2.03865e+07
2.03942e+07
2.04012e+07
2.04089e+07
2.04166e+07
2.04246e+07
2.04319e+07
2.04391e+07
2.04464e+07
2.04538e+07
2.04619e+07
2.04697e+07
2.04776e+07
2.0485e+07
2.04924e+07
2.04998e+07
2.05077e+07
2.05144e+07
2.05199e+07
2.06294e+07
2.08832e+07
2.08991e+07
2.09168e+07
2.10222e+07
2.10396e+07
2.10526e+07
2.10658e+07
2.1082e+07
2.10972e+07
2.11127e+07
2.13187e+07
2.13961e+07
2.14582e+07
2.14736e+07
2.14878e+07
2.16123e+07
2.16353e+07
2.1689e+07
2.17902e+07
2.18757e+07
2.19547e+07
2.19914e+07
2.20047e+07
2.21281e+07
2.21456e+07
2.21776e+07
2.22377e+07
2.22568e+07
2.23771e+07
2.24353e+07
2.25384e+07
2.25826e+07
2.25971e+07
2.26113e+07
2.26258e+07
2.26408e+07
2.2655e+07
2.26702e+07
2.26852e+07
2.28973e+07
2.2914e+07
2.30586e+07
2.30648e+07
2.31372e+07
2.32593e+07
2.33786e+07
2.33884e+07
2.34512e+07
2.34613e+07
2.35673e+07
2.36925e+07
2.37128e+07
2.37317e+07
2.3752e+07
2.37611e+07
2.37703e+07
2.3779e+07
2.37876e+07
2.37961e+07
2.38049e+07
2.39368e+07
2.39863e+07
2.39954e+07
2.40044e+07
2.41026e+07
2.41161e+07
2.42495e+07
2.43285e+07
2.4338e+07
2.43475e+07
2.43575e+07
2.43665e+07
2.4375e+07
2.43854e+07
2.43954e+07
2.44042e+07
2.44131e+07
2.44228e+07
2.44319e+07
2.44406e+07
2.44495e+07
2.44581e+07
2.44677e+07
2.44767e+07
2.44859e+07
2.4495e+07
2.45038e+07
2.45121e+07
2.45215e+07
2.45311e+07
2.45407e+07
2.45497e+07
2.45578e+07
2.46292e+07
2.46378e+07
2.46583e+07
2.46669e+07
2.46898e+07
2.46987e+07
2.47075e+07
2.47161e+07
2.47245e+07
2.47337e+07
2.47427e+07
2.47519e+07
2.47606e+07
2.47694e+07
2.47779e+07
2.47867e+07
2.47964e+07
2.48078e+07
2.48178e+07
2.4827e+07
2.48365e+07
2.48458e+07
2.48551e+07
2.48643e+07
2.48734e+07
2.48826e+07
2.48917e+07
2.49007e+07
2.49098e+07
2.49193e+07
2.49288e+07
2.49382e+07
2.49472e+07
2.49563e+07
2.49652e+07
2.49744e+07
2.49836e+07
2.49928e+07
2.50024e+07
2.50118e+07
2.50222e+07
2.50334e+07
2.5045e+07
2.50557e+07
2.50675e+07
2.50819e+07
2.51564e+07
2.52372e+07
2.52829e+07
2.53054e+07
2.53405e+07
2.53742e+07
2.5428e+07
2.54616e+07
2.55115e+07
2.55334e+07
2.55784e+07
2.55899e+07
2.57801e+07
2.59094e+07
2.59775e+07
2.60533e+07
2.60932e+07
2.61483e+07
2.62132e+07
2.62718e+07
2.63703e+07
2.6431e+07
2.64833e+07
2.65716e+07
2.66724e+07
2.68038e+07
2.69156e+07
2.69721e+07
2.6989e+07
2.71432e+07
2.72147e+07
2.72534e+07
2.73902e+07
2.74618e+07
2.74774e+07
2.74926e+07
2.75349e+07
2.75914e+07
2.76414e+07
2.76587e+07
2.78145e+07
2.79183e+07
2.79579e+07
2.79759e+07
2.80886e+07
2.81931e+07
2.821e+07
2.83695e+07
2.85259e+07
2.85925e+07
2.86835e+07
2.87011e+07
2.88474e+07
2.88818e+07
2.89525e+07
2.90264e+07
2.90631e+07
2.9073e+07
2.90815e+07
2.91191e+07
2.9176e+07
2.92367e+07
2.92768e+07
2.92848e+07
2.9293e+07
2.93007e+07
2.9309e+07
2.9317e+07
2.93256e+07
2.93338e+07
2.94009e+07
2.94113e+07
2.94203e+07
2.94498e+07
2.94583e+07
2.94659e+07
2.94741e+07
2.94819e+07
2.94898e+07
2.94976e+07
2.95055e+07
2.95163e+07
2.9526e+07
2.9536e+07
2.95454e+07
2.95556e+07
2.95657e+07
2.95781e+07
2.95894e+07
2.97137e+07
2.97209e+07
2.97263e+07
2.98234e+07
2.99543e+07
2.99912e+07
3.00334e+07
3.00843e+07
3.00964e+07
3.01098e+07
3.01217e+07
3.01317e+07
3.01415e+07
3.01526e+07
3.01629e+07
3.01733e+07
3.01839e+07
3.01938e+07
3.02048e+07
3.02154e+07
3.02254e+07
3.02354e+07
3.02445e+07
3.02542e+07
3.02647e+07
3.02744e+07
3.03551e+07
3.04834e+07
3.05366e+07
3.05696e+07
3.05799e+07
3.06596e+07
3.067e+07
3.06921e+07
3.07047e+07
3.07436e+07
3.07865e+07
3.07952e+07
3.08403e+07
3.08665e+07
3.08875e+07
3.09556e+07
3.09695e+07
3.10767e+07
3.10855e+07
3.11539e+07
3.12175e+07
3.12659e+07
3.12781e+07
3.13555e+07
3.14131e+07
3.14362e+07
3.14655e+07
3.14734e+07
3.15002e+07
3.15081e+07
3.1516e+07
3.15239e+07
3.15327e+07
3.15409e+07
3.15488e+07
3.15568e+07
3.15663e+07
3.15754e+07
3.16918e+07
3.17018e+07
3.17213e+07
3.1731e+07
3.17419e+07
3.17515e+07
3.1762e+07
3.17741e+07
3.17843e+07
3.17945e+07
3.18143e+07
3.18238e+07
3.1887e+07
3.19488e+07
3.20018e+07
3.20222e+07
3.20316e+07
3.21576e+07
3.23656e+07
3.24262e+07
3.24876e+07
3.2576e+07
3.26224e+07
3.27117e+07
3.27811e+07
3.28525e+07
3.2918e+07
3.30146e+07
3.30985e+07
3.31198e+07
3.3229e+07
3.33046e+07
3.33491e+07
3.33726e+07
3.33835e+07
3.34197e+07
3.34628e+07
3.34827e+07
3.3492e+07
3.3501e+07
3.35364e+07
3.35468e+07
3.35815e+07
3.3616e+07
3.36456e+07
3.36552e+07
3.3692e+07
3.37147e+07
3.37368e+07
3.37867e+07
3.38324e+07
3.38448e+07
3.38785e+07
3.38896e+07
3.38984e+07
3.40902e+07
3.4171e+07
3.4233e+07
3.42894e+07
3.43632e+07
3.43802e+07
3.44948e+07
3.46178e+07
3.47093e+07
3.47905e+07
3.48935e+07
3.49913e+07
3.50305e+07
3.51739e+07
3.52683e+07
3.52897e+07
3.53049e+07
3.54533e+07
3.55513e+07
3.56376e+07
3.56537e+07
3.56971e+07
3.58121e+07
3.58385e+07
3.58593e+07
3.58762e+07
3.59481e+07
3.59876e+07
3.60049e+07
3.60843e+07
3.61106e+07
3.61296e+07
3.61478e+07
3.61668e+07
3.61849e+07
3.62023e+07
3.62205e+07
3.62381e+07
3.6255e+07
3.62755e+07
3.62946e+07
3.63139e+07
3.63317e+07
3.63483e+07
3.63638e+07
3.63795e+07
3.64039e+07
3.64278e+07
3.64501e+07
3.64703e+07
3.64889e+07
3.65072e+07
3.65255e+07
3.6549e+07
3.65728e+07
3.65988e+07
3.66276e+07
3.66559e+07
3.66833e+07
3.67168e+07
3.69072e+07
3.69585e+07
3.7058e+07
3.71338e+07
3.72235e+07
3.7286e+07
3.73171e+07
3.7344e+07
3.74323e+07
3.74932e+07
3.75559e+07
3.75769e+07
3.76565e+07
3.77105e+07
3.77296e+07
3.78056e+07
3.78249e+07
3.78437e+07
3.79043e+07
3.79895e+07
3.80647e+07
3.81124e+07
3.81739e+07
3.81993e+07
3.82604e+07
3.83069e+07
3.83573e+07
3.83768e+07
3.83964e+07
3.84136e+07
3.84313e+07
3.8487e+07
3.85281e+07
3.86353e+07
3.86584e+07
3.87369e+07
3.88111e+07
3.88311e+07
3.91864e+07
3.92973e+07
3.93411e+07
3.94452e+07
3.94885e+07
3.95626e+07
3.96377e+07
3.96639e+07
3.96858e+07
3.97153e+07
3.97361e+07
3.97501e+07
3.97623e+07
3.97742e+07
3.97871e+07
3.98005e+07
3.98128e+07
3.98237e+07
3.98361e+07
3.98485e+07
3.98597e+07
3.98716e+07
3.98843e+07
3.98965e+07
3.99077e+07
3.99193e+07
3.99301e+07
3.994e+07
3.99652e+07
3.9976e+07
3.99879e+07
3.99999e+07
4.00118e+07
4.00228e+07
4.00337e+07
4.00447e+07
4.0056e+07
4.00682e+07
4.008e+07
4.00909e+07
4.01027e+07
4.01148e+07
4.01269e+07
4.0139e+07
4.01511e+07
4.01634e+07
4.0176e+07
4.01882e+07
4.01998e+07
4.02128e+07
4.02268e+07
4.02392e+07
4.02516e+07
4.02634e+07
4.02743e+07
4.0369e+07
4.04491e+07
4.05312e+07
4.07803e+07
4.0832e+07
4.09774e+07
4.10567e+07
4.11538e+07
4.12022e+07
4.12181e+07
4.1233e+07
4.12463e+07
4.13611e+07
4.13747e+07
4.13878e+07
4.14004e+07
4.14141e+07
4.14267e+07
4.14393e+07
4.14521e+07
4.14646e+07
4.14772e+07
4.14905e+07
4.15046e+07
4.1517e+07
4.15293e+07
4.15424e+07
4.15556e+07
4.15676e+07
4.17285e+07
4.20215e+07
4.23348e+07
4.24718e+07
4.24917e+07
4.27828e+07
4.28538e+07
4.30398e+07
4.32193e+07
4.32523e+07
4.32753e+07
4.32974e+07
4.33199e+07
4.33439e+07
4.33662e+07
4.33883e+07
4.34117e+07
4.34336e+07
4.34584e+07
4.34796e+07
4.34908e+07
4.35006e+07
4.35092e+07
4.35188e+07
4.37325e+07
4.39446e+07
4.40145e+07
4.40577e+07
4.41998e+07
4.42607e+07
4.42755e+07
4.43687e+07
4.43818e+07
4.44396e+07
4.44831e+07
4.4561e+07
4.46694e+07
4.47186e+07
4.47527e+07
4.48286e+07
4.48601e+07
4.49147e+07
4.49736e+07
4.50298e+07
4.50434e+07
4.50573e+07
4.50708e+07
4.50847e+07
4.50991e+07
4.51134e+07
4.51275e+07
4.5142e+07
4.51578e+07
4.51755e+07
4.51924e+07
4.521e+07
4.52197e+07
4.52294e+07
4.52379e+07
4.54171e+07
4.58516e+07
4.59982e+07
4.61683e+07
4.62171e+07
4.6503e+07
4.65804e+07
4.66246e+07
4.66899e+07
4.69927e+07
4.70133e+07
4.7034e+07
4.71861e+07
4.72871e+07
4.74376e+07
4.75254e+07
4.76201e+07
4.77778e+07
4.7826e+07
4.79291e+07
4.80647e+07
4.82739e+07
4.83948e+07
4.86392e+07
4.8929e+07
4.89531e+07
4.91722e+07
4.92034e+07
4.92244e+07
4.9248e+07
4.94207e+07
4.94678e+07
4.97127e+07
4.97339e+07
4.97551e+07
4.97746e+07
4.97939e+07
4.9812e+07
4.98298e+07
4.98476e+07
4.98655e+07
5.01684e+07
5.04638e+07
5.05437e+07
5.0681e+07
5.0749e+07
5.10324e+07
5.12007e+07
5.12214e+07
5.13738e+07
5.13914e+07
5.1578e+07
5.1734e+07
5.18348e+07
5.19779e+07
5.20012e+07
5.21364e+07
5.21583e+07
5.21779e+07
5.22817e+07
5.24395e+07
5.25118e+07
5.26007e+07
5.26539e+07
5.2743e+07
5.27627e+07
5.27824e+07
5.2805e+07
5.2879e+07
5.29013e+07
5.29236e+07
5.30108e+07
5.30382e+07
5.30845e+07
5.31299e+07
5.31526e+07
5.31774e+07
5.31858e+07
5.31947e+07
5.32031e+07
5.33921e+07
5.34643e+07
5.35675e+07
5.36758e+07
5.36956e+07
5.3764e+07
5.38483e+07
5.3926e+07
5.39403e+07
5.39519e+07
5.39634e+07
5.40528e+07
5.40667e+07
5.40922e+07
5.41167e+07
5.41287e+07
5.422e+07
5.42465e+07
5.42584e+07
5.42702e+07
5.43422e+07
5.4354e+07
5.4498e+07
5.46322e+07
5.47012e+07
5.47387e+07
5.475e+07
5.48026e+07
5.48161e+07
5.48436e+07
5.48566e+07
5.48676e+07
5.48795e+07
5.48903e+07
5.49007e+07
5.49109e+07
5.49212e+07
5.49316e+07
5.49419e+07
5.49544e+07
5.49678e+07
5.49805e+07
5.49932e+07
5.50041e+07
5.50149e+07
5.50254e+07
5.50358e+07
5.50462e+07
5.50565e+07
5.51562e+07
5.52409e+07
5.53212e+07
5.53387e+07
5.55078e+07
5.55355e+07
5.55808e+07
5.55972e+07
5.56117e+07
5.5623e+07
5.56819e+07
5.5793e+07
5.58118e+07
5.58678e+07
5.58811e+07
5.58923e+07
5.5903e+07
5.59136e+07
5.59249e+07
5.59355e+07
5.59465e+07
5.59573e+07
5.59686e+07
5.59794e+07
5.599e+07
5.60007e+07
5.60115e+07
5.60236e+07
5.60347e+07
5.60455e+07
5.60563e+07
5.60691e+07
5.63655e+07
5.65688e+07
5.67246e+07
5.67442e+07
5.6905e+07
5.70065e+07
5.71071e+07
5.71509e+07
5.7172e+07
5.7192e+07
5.72112e+07
5.72304e+07
5.72498e+07
5.75534e+07
5.76325e+07
5.77279e+07
5.77738e+07
5.78304e+07
5.78793e+07
5.78889e+07
5.79167e+07
5.79251e+07
5.79324e+07
5.79385e+07
5.79446e+07
5.80459e+07
5.82065e+07
5.83193e+07
5.83588e+07
5.8413e+07
5.84251e+07
5.84354e+07
5.8446e+07
5.84565e+07
5.84671e+07
5.84791e+07
5.84919e+07
5.85042e+07
5.85161e+07
5.85291e+07
5.85419e+07
5.85538e+07
5.85661e+07
5.86695e+07
5.87661e+07
5.88197e+07
5.88599e+07
5.88726e+07
5.88859e+07
5.89009e+07
5.89159e+07
5.89309e+07
5.89437e+07
5.89558e+07
5.89684e+07
5.89801e+07
5.8993e+07
5.90057e+07
5.90206e+07
5.90348e+07
5.90502e+07
5.90645e+07
5.90787e+07
5.90919e+07
5.91044e+07
5.91171e+07
5.91297e+07
5.9142e+07
5.91543e+07
5.91672e+07
5.91797e+07
5.91921e+07
5.92039e+07
5.92168e+07
5.92297e+07
5.92426e+07
5.92556e+07
5.92681e+07
5.94305e+07
5.97316e+07
5.9878e+07
6.00189e+07
6.0125e+07
6.02314e+07
6.02719e+07
6.02935e+07
6.0317e+07
6.03666e+07
6.04494e+07
6.04712e+07
6.05148e+07
6.05586e+07
6.0605e+07
6.06764e+07
6.08655e+07
6.09825e+07
6.10836e+07
6.11377e+07
6.11862e+07
6.12585e+07
6.13036e+07
6.13882e+07
6.1446e+07
6.15008e+07
6.15924e+07
6.16513e+07
6.17489e+07
6.18588e+07
6.19007e+07
6.19202e+07
6.19835e+07
6.21361e+07
6.22643e+07
6.24496e+07
6.25575e+07
6.26013e+07
6.26198e+07
6.26585e+07
6.26914e+07
6.27121e+07
6.27307e+07
6.27378e+07
6.27448e+07
6.27513e+07
6.2758e+07
6.27646e+07
6.2772e+07
6.27795e+07
6.2787e+07
6.27944e+07
6.28041e+07
6.28133e+07
6.28233e+07
6.28309e+07
6.28385e+07
6.28455e+07
6.2853e+07
6.2861e+07
6.28694e+07
6.28776e+07
6.28848e+07
6.28927e+07
6.29e+07
6.29159e+07
6.29238e+07
6.29313e+07
6.29389e+07
6.29812e+07
6.30215e+07
6.30294e+07
6.30376e+07
6.30455e+07
6.3053e+07
6.30604e+07
6.3068e+07
6.30759e+07
6.30839e+07
6.30918e+07
6.30994e+07
6.31075e+07
6.31161e+07
6.31259e+07
6.31356e+07
6.31454e+07
6.32513e+07
6.34003e+07
6.34499e+07
6.35204e+07
6.35825e+07
6.35993e+07
6.36509e+07
6.36635e+07
6.37061e+07
6.37344e+07
6.37468e+07
6.37589e+07
6.37708e+07
6.37828e+07
6.3795e+07
6.38078e+07
6.38198e+07
6.392e+07
6.3936e+07
6.39678e+07
6.39797e+07
6.40481e+07
6.40962e+07
6.41089e+07
6.4136e+07
6.41623e+07
6.41931e+07
6.42432e+07
6.42874e+07
6.43002e+07
6.4314e+07
6.43726e+07
6.44151e+07
6.44278e+07
6.44575e+07
6.44703e+07
6.44834e+07
6.44963e+07
6.45091e+07
6.4522e+07
6.45351e+07
6.46845e+07
6.47132e+07
6.4785e+07
6.48011e+07
6.48313e+07
6.48606e+07
6.49137e+07
6.49513e+07
6.49933e+07
6.5021e+07
6.50809e+07
6.51447e+07
6.51786e+07
6.51925e+07
6.52056e+07
6.52709e+07
6.53473e+07
6.53601e+07
6.53896e+07
6.54035e+07
6.55128e+07
6.55256e+07
6.55945e+07
6.56115e+07
6.56523e+07
6.56667e+07
6.56801e+07
6.56929e+07
6.57067e+07
6.57199e+07
6.57333e+07
6.57466e+07
6.57594e+07
6.57725e+07
6.57862e+07
6.58006e+07
6.58138e+07
6.58263e+07
6.58323e+07
6.58386e+07
6.58442e+07
6.58499e+07
6.5856e+07
6.58616e+07
6.58666e+07
6.58725e+07
6.58778e+07
6.58828e+07
6.58886e+07
6.58939e+07
6.58994e+07
6.59051e+07
6.59102e+07
6.59151e+07
6.59207e+07
6.5926e+07
6.5931e+07
6.59365e+07
6.59418e+07
6.59469e+07
6.61625e+07
6.64571e+07
6.65592e+07
6.66588e+07
6.67588e+07
6.69523e+07
6.70515e+07
6.73512e+07
6.75401e+07
6.77782e+07
6.79499e+07
6.8123e+07
6.82834e+07
6.83521e+07
6.85816e+07
6.87214e+07
6.89241e+07
6.90902e+07
6.91974e+07
6.93547e+07
6.96075e+07
6.97739e+07
6.98181e+07
6.98582e+07
6.99019e+07
6.99462e+07
6.99908e+07
7.00316e+07
7.00712e+07
7.00903e+07
7.0106e+07
7.02223e+07
7.04579e+07
7.04922e+07
7.05076e+07
7.05217e+07
7.05356e+07
7.05499e+07
7.05645e+07
7.05782e+07
7.05921e+07
7.06045e+07
7.06165e+07
7.06289e+07
7.06412e+07
7.06534e+07
7.06654e+07
7.06775e+07
7.06898e+07
7.07018e+07
7.07138e+07
7.07259e+07
7.07378e+07
7.07498e+07
7.07621e+07
7.07743e+07
7.1001e+07
7.10369e+07
7.10533e+07
7.1076e+07
7.11904e+07
7.12228e+07
7.12518e+07
7.12916e+07
7.13756e+07
7.14468e+07
7.15032e+07
7.15601e+07
7.15929e+07
7.16073e+07
7.16211e+07
7.16345e+07
7.17076e+07
7.17473e+07
7.1783e+07
7.18428e+07
7.19008e+07
7.1972e+07
7.20235e+07
7.20384e+07
7.21124e+07
7.21644e+07
7.22149e+07
7.22477e+07
7.22973e+07
7.23403e+07
7.23895e+07
7.2433e+07
7.25158e+07
7.25333e+07
7.25863e+07
7.27508e+07
7.31194e+07
7.34603e+07
7.35867e+07
7.36143e+07
7.38327e+07
7.38721e+07
7.39529e+07
7.40679e+07
7.41732e+07
7.42019e+07
7.42272e+07
7.43789e+07
7.44783e+07
7.4556e+07
7.45837e+07
7.46067e+07
7.46315e+07
7.46544e+07
7.48174e+07
7.48801e+07
7.49644e+07
7.51607e+07
7.52164e+07
7.5244e+07
7.52731e+07
7.54383e+07
7.54676e+07
7.55004e+07
7.55247e+07
7.5548e+07
7.55698e+07
7.55954e+07
7.5619e+07
7.58073e+07
7.58502e+07
7.59692e+07
7.60613e+07
7.60918e+07
7.61543e+07
7.62144e+07
7.63106e+07
7.6398e+07
7.64822e+07
7.65576e+07
7.66846e+07
7.67973e+07
7.6823e+07
7.69266e+07
7.70073e+07
7.70267e+07
7.70463e+07
7.70638e+07
7.70881e+07
7.71041e+07
7.71126e+07
7.71202e+07
7.71266e+07
7.71331e+07
7.71488e+07
7.71649e+07
7.71818e+07
7.719e+07
7.72087e+07
7.72178e+07
7.72373e+07
7.72565e+07
7.72654e+07
7.72737e+07
7.7282e+07
7.72905e+07
7.72995e+07
7.73091e+07
7.73187e+07
7.73285e+07
7.7338e+07
7.73454e+07
7.73524e+07
7.73589e+07
7.74554e+07
7.75878e+07
7.76201e+07
7.76467e+07
7.76552e+07
7.7691e+07
7.77258e+07
7.77568e+07
7.77847e+07
7.78179e+07
7.78734e+07
7.79133e+07
7.79495e+07
7.79865e+07
7.80175e+07
7.80615e+07
7.81046e+07
7.81382e+07
7.81641e+07
7.82079e+07
7.82911e+07
7.83217e+07
7.8362e+07
7.83715e+07
7.83961e+07
7.84064e+07
7.84491e+07
7.84584e+07
7.84952e+07
7.85186e+07
7.8543e+07
7.8555e+07
7.85884e+07
7.8629e+07
7.86671e+07
7.8704e+07
7.87334e+07
7.87621e+07
7.87907e+07
7.88224e+07
7.88521e+07
7.88601e+07
7.88878e+07
7.89291e+07
7.89556e+07
7.89877e+07
7.90081e+07
7.90418e+07
7.90735e+07
7.91125e+07
7.91514e+07
7.91992e+07
7.92303e+07
7.92743e+07
7.93102e+07
7.9343e+07
7.93812e+07
7.94213e+07
7.94361e+07
7.94471e+07
7.94569e+07
7.94668e+07
7.94768e+07
7.94877e+07
7.94996e+07
7.95111e+07
7.95232e+07
7.97454e+07
7.97685e+07
7.98692e+07
7.99425e+07
7.99782e+07
8.00409e+07
8.00587e+07
8.00737e+07
8.00894e+07
8.01034e+07
8.01172e+07
8.01309e+07
8.01457e+07
8.01609e+07
8.01752e+07
8.01894e+07
8.02037e+07
8.02181e+07
8.02335e+07
8.02502e+07
8.02675e+07
8.02844e+07
8.03003e+07
8.03149e+07
8.03294e+07
8.03437e+07
8.03581e+07
8.03725e+07
8.0387e+07
8.04016e+07
8.04174e+07
8.04332e+07
8.04489e+07
8.05795e+07
8.06438e+07
8.06596e+07
8.06757e+07
8.07389e+07
8.1026e+07
8.1208e+07
8.13076e+07
8.1414e+07
8.14436e+07
8.14733e+07
8.15e+07
8.15272e+07
8.15576e+07
8.1585e+07
8.16096e+07
8.16166e+07
8.16225e+07
8.16281e+07
8.16336e+07
8.17284e+07
8.18067e+07
8.1818e+07
8.18544e+07
8.18634e+07
8.18717e+07
8.18799e+07
8.18884e+07
8.1897e+07
8.19054e+07
8.19136e+07
8.19221e+07
8.19306e+07
8.19389e+07
8.19472e+07
8.19557e+07
8.19644e+07
8.19729e+07
8.19813e+07
8.20527e+07
8.20786e+07
8.21059e+07
8.21527e+07
8.21878e+07
8.2244e+07
8.22857e+07
8.23065e+07
8.23297e+07
8.23382e+07
8.23465e+07
8.2355e+07
8.23644e+07
8.2373e+07
8.23817e+07
8.23902e+07
8.23988e+07
8.24072e+07
8.24154e+07
8.24918e+07
8.25023e+07
8.26143e+07
8.26991e+07
8.27071e+07
8.2715e+07
8.27229e+07
8.27309e+07
8.27392e+07
8.27473e+07
8.27553e+07
8.27634e+07
8.27715e+07
8.27794e+07
8.27876e+07
8.27957e+07
8.28044e+07
8.28126e+07
8.28209e+07
8.28292e+07
8.28376e+07
8.28466e+07
8.28551e+07
8.28635e+07
8.3051e+07
8.34093e+07
8.37759e+07
8.3976e+07
8.40971e+07
8.41843e+07
8.42667e+07
8.43733e+07
8.44807e+07
8.45889e+07
8.46782e+07
8.47981e+07
8.48276e+07
8.48927e+07
8.5013e+07
8.504e+07
8.51527e+07
8.52193e+07
8.53981e+07
8.54952e+07
8.55236e+07
8.56174e+07
8.5767e+07
8.59208e+07
8.60846e+07
8.62173e+07
8.63429e+07
8.65391e+07
8.66228e+07
8.67015e+07
8.68631e+07
8.6974e+07
8.69986e+07
8.70869e+07
8.71796e+07
8.72934e+07
8.7392e+07
8.74859e+07
8.75864e+07
8.76572e+07
8.77607e+07
8.78703e+07
8.79641e+07
8.80369e+07
8.81284e+07
8.82252e+07
8.82527e+07
8.82605e+07
8.83794e+07
8.8431e+07
8.84644e+07
8.84747e+07
8.84845e+07
8.84946e+07
8.85041e+07
8.85148e+07
8.85247e+07
8.85341e+07
8.85442e+07
8.85537e+07
8.85637e+07
8.85735e+07
8.85835e+07
8.86361e+07
8.86706e+07
8.86938e+07
8.87275e+07
8.87619e+07
8.88123e+07
8.88595e+07
8.88857e+07
8.88961e+07
8.89361e+07
8.89479e+07
8.89932e+07
8.90061e+07
8.9029e+07
8.9066e+07
8.91057e+07
8.91454e+07
8.91882e+07
8.92336e+07
8.92439e+07
8.92529e+07
8.92617e+07
8.927e+07
8.92785e+07
8.93163e+07
8.93263e+07
8.93519e+07
8.93769e+07
8.94003e+07
8.94477e+07
8.94587e+07
8.94675e+07
8.9477e+07
8.9486e+07
8.94952e+07
8.95304e+07
8.95553e+07
8.96129e+07
8.9631e+07
8.96963e+07
8.97202e+07
8.97561e+07
8.97876e+07
8.97976e+07
8.9807e+07
8.98163e+07
8.98257e+07
8.98347e+07
8.98435e+07
8.98522e+07
8.9861e+07
8.98697e+07
8.98784e+07
8.98868e+07
8.98959e+07
8.99048e+07
8.99138e+07
8.99227e+07
8.99315e+07
9.01315e+07
9.06508e+07
9.08028e+07
9.09004e+07
9.09583e+07
9.10701e+07
9.10967e+07
9.12692e+07
9.12939e+07
9.14272e+07
9.15545e+07
9.16448e+07
9.1767e+07
9.18003e+07
9.19041e+07
9.20597e+07
9.21124e+07
9.21751e+07
9.2236e+07
9.23272e+07
9.23994e+07
9.24279e+07
9.25252e+07
9.25524e+07
9.2584e+07
9.27004e+07
9.27666e+07
9.28651e+07
9.2961e+07
9.30569e+07
9.3135e+07
9.31706e+07
9.32698e+07
9.33832e+07
9.34153e+07
9.34439e+07
9.35518e+07
9.3611e+07
9.36386e+07
9.37356e+07
9.38372e+07
9.39112e+07
9.39414e+07
9.40522e+07
9.41256e+07
9.42471e+07
9.42786e+07
9.43964e+07
9.4509e+07
9.46108e+07
9.47175e+07
9.4746e+07
9.48162e+07
9.49353e+07
9.49667e+07
9.49942e+07
9.5022e+07
9.50484e+07
9.50747e+07
9.51735e+07
9.52432e+07
9.53937e+07
9.55237e+07
9.55873e+07
9.5694e+07
9.57229e+07
9.58645e+07
9.59757e+07
9.60772e+07
9.61412e+07
9.62988e+07
9.64476e+07
9.65762e+07
9.66737e+07
9.67812e+07
9.68788e+07
9.6988e+07
9.70815e+07
9.71087e+07
9.71957e+07
9.73062e+07
9.74085e+07
9.75129e+07
9.76161e+07
9.77488e+07
9.78738e+07
9.79748e+07
9.80738e+07
9.81795e+07
9.82815e+07
9.84082e+07
9.85108e+07
9.86131e+07
9.86892e+07
9.87955e+07
9.89051e+07
9.89711e+07
9.91555e+07
9.93209e+07
9.9487e+07
9.97331e+07
9.99772e+07
1.00066e+08
1.00122e+08
1.00156e+08
1.00172e+08
1.00188e+08
1.00308e+08
1.00349e+08
1.00414e+08
1.00487e+08
1.00528e+08
1.00546e+08
1.00587e+08
1.00604e+08
1.00622e+08
1.00638e+08
1.00655e+08
1.00672e+08
1.0069e+08
1.00706e+08
1.00723e+08
1.00739e+08
1.00803e+08
1.00846e+08
1.00908e+08
1.00996e+08
1.01064e+08
1.01103e+08
1.01296e+08
1.01344e+08
1.01503e+08
1.01541e+08
1.01605e+08
1.01647e+08
1.01664e+08
1.01893e+08
1.02292e+08
1.02503e+08
1.02544e+08
1.02572e+08
1.02601e+08
1.0263e+08
1.02658e+08
1.02685e+08
1.02711e+08
1.02737e+08
1.02765e+08
1.02791e+08
1.02818e+08
1.02847e+08
1.02876e+08
1.02902e+08
1.02928e+08
1.02955e+08
1.02982e+08
1.03009e+08
1.03254e+08
1.03595e+08
1.03868e+08
1.04209e+08
1.04274e+08
1.04496e+08
1.04684e+08
1.04721e+08
1.04955e+08
1.05196e+08
1.05242e+08
1.05365e+08
1.05523e+08
1.05729e+08
1.058e+08
1.05878e+08
1.05954e+08
1.06075e+08
1.06211e+08
1.06362e+08
1.06534e+08
1.06651e+08
1.06786e+08
1.06922e+08
1.06952e+08
1.07042e+08
1.0714e+08
1.0724e+08
1.07333e+08
1.07437e+08
1.07535e+08
1.07566e+08
1.07595e+08
1.07733e+08
1.07829e+08
1.07895e+08
1.07999e+08
1.08105e+08
1.08173e+08
1.08275e+08
1.08349e+08
1.08384e+08
1.08515e+08
1.08599e+08
1.08736e+08
1.08774e+08
1.08803e+08
1.08937e+08
1.09055e+08
1.09159e+08
1.09309e+08
1.09363e+08
1.0941e+08
1.09496e+08
1.09578e+08
1.09696e+08
1.09765e+08
1.0986e+08
1.09964e+08
1.10083e+08
1.10202e+08
1.10304e+08
1.10426e+08
1.10551e+08
1.10718e+08
1.10859e+08
1.10935e+08
1.11034e+08
1.11135e+08
1.11238e+08
1.11344e+08
1.11373e+08
1.11469e+08
1.11536e+08
1.11642e+08
1.1172e+08
1.11804e+08
1.1187e+08
1.11948e+08
1.12031e+08
1.12096e+08
1.12208e+08
1.12242e+08
1.12433e+08
1.12464e+08
1.12495e+08
1.12717e+08
1.1284e+08
1.12871e+08
1.13031e+08
1.13166e+08
1.13349e+08
1.13494e+08
1.13598e+08
1.13628e+08
1.1373e+08
1.13887e+08
1.14003e+08
1.14113e+08
1.14181e+08
1.143e+08
1.14383e+08
1.14514e+08
1.14592e+08
1.1472e+08
1.14824e+08
1.14885e+08
1.14961e+08
1.15041e+08
1.15219e+08
1.15332e+08
1.15452e+08
1.15543e+08
1.15657e+08
1.1577e+08
1.15882e+08
1.16038e+08
1.1611e+08
1.16141e+08
1.16246e+08
1.16352e+08
1.16452e+08
1.1656e+08
1.16674e+08
1.16861e+08
1.17048e+08
1.17136e+08
1.17213e+08
1.1735e+08
1.17613e+08
1.17741e+08
1.17842e+08
1.17944e+08
1.18057e+08
1.18201e+08
1.18277e+08
1.18347e+08
1.18379e+08
1.18408e+08
1.18422e+08
1.18435e+08
1.18449e+08
1.18465e+08
1.18662e+08
1.18977e+08
1.18997e+08
1.19036e+08
1.19094e+08
1.19157e+08
1.19218e+08
1.19312e+08
1.19359e+08
1.19382e+08
1.19402e+08
1.19486e+08
1.19549e+08
1.19567e+08
1.19605e+08
1.1965e+08
1.19672e+08
1.19692e+08
1.19709e+08
1.19727e+08
1.19813e+08
1.19894e+08
1.19912e+08
1.19955e+08
1.20103e+08
1.20128e+08
1.20148e+08
1.20169e+08
1.20189e+08
1.20208e+08
1.20226e+08
1.20245e+08
1.20264e+08
1.20283e+08
1.20302e+08
1.20321e+08
1.2034e+08
1.20358e+08
1.205e+08
1.20522e+08
1.20614e+08
1.20679e+08
1.2074e+08
1.20804e+08
1.20826e+08
1.20913e+08
1.21103e+08
1.21176e+08
1.21194e+08
1.21211e+08
1.21228e+08
1.21244e+08
1.21263e+08
1.21282e+08
1.21301e+08
1.2145e+08
1.2151e+08
1.21593e+08
1.21612e+08
1.21631e+08
1.2165e+08
1.21814e+08
1.21883e+08
1.21958e+08
1.21975e+08
1.21993e+08
1.22011e+08
1.2203e+08
1.22051e+08
1.22069e+08
1.22086e+08
1.22275e+08
1.22338e+08
1.22408e+08
1.22543e+08
1.22677e+08
1.22765e+08
1.22889e+08
1.22971e+08
1.23044e+08
1.23066e+08
1.23083e+08
1.231e+08
1.23118e+08
1.23136e+08
1.23157e+08
1.23176e+08
1.23196e+08
1.23215e+08
1.23234e+08
1.23252e+08
1.23271e+08
1.2329e+08
1.23309e+08
1.23327e+08
1.23345e+08
1.23364e+08
1.23383e+08
1.23401e+08
1.2342e+08
1.23894e+08
1.24182e+08
1.24381e+08
1.24451e+08
1.24552e+08
1.24668e+08
1.24732e+08
1.24807e+08
1.24874e+08
1.24964e+08
1.25073e+08
1.25186e+08
1.25259e+08
1.25323e+08
1.25341e+08
1.25405e+08
1.25457e+08
1.25511e+08
1.25559e+08
1.25583e+08
1.25662e+08
1.25735e+08
1.25757e+08
1.25828e+08
1.25897e+08
1.25963e+08
1.26041e+08
1.26063e+08
1.26137e+08
1.26165e+08
1.26193e+08
1.26218e+08
1.26661e+08
1.26897e+08
1.27093e+08
1.27183e+08
1.27339e+08
1.27372e+08
1.27412e+08
1.27445e+08
1.27479e+08
1.27506e+08
1.27518e+08
1.2753e+08
1.27542e+08
1.27555e+08
1.27741e+08
1.27874e+08
1.28044e+08
1.28071e+08
1.28096e+08
1.28261e+08
1.28369e+08
1.28466e+08
1.28522e+08
1.28544e+08
1.28563e+08
1.28682e+08
1.28775e+08
1.28795e+08
1.28816e+08
1.28836e+08
1.28856e+08
1.28877e+08
1.28897e+08
1.28919e+08
1.28941e+08
1.29097e+08
1.29157e+08
1.29245e+08
1.29264e+08
1.29282e+08
1.293e+08
1.29318e+08
1.29337e+08
1.29355e+08
1.29373e+08
1.29392e+08
1.2941e+08
1.29431e+08
1.29451e+08
1.2971e+08
1.29787e+08
1.29937e+08
1.29956e+08
1.29975e+08
1.29993e+08
1.30112e+08
1.30388e+08
1.30796e+08
1.30868e+08
1.30906e+08
1.30936e+08
1.30968e+08
1.31006e+08
1.31042e+08
1.31075e+08
1.31105e+08
1.31139e+08
1.31176e+08
1.3121e+08
1.31246e+08
1.31519e+08
1.31827e+08
1.31862e+08
1.31893e+08
1.31926e+08
1.31958e+08
1.3199e+08
1.32024e+08
1.32057e+08
1.32351e+08
1.32488e+08
1.32635e+08
1.32793e+08
1.32832e+08
1.33012e+08
1.33089e+08
1.332e+08
1.33237e+08
1.33259e+08
1.3328e+08
1.33298e+08
1.33316e+08
1.33335e+08
1.33354e+08
1.33559e+08
1.33659e+08
1.33732e+08
1.3402e+08
1.34148e+08
1.34331e+08
1.34482e+08
1.34594e+08
1.34749e+08
1.34886e+08
1.3506e+08
1.3521e+08
1.35391e+08
1.3564e+08
1.358e+08
1.35874e+08
1.35937e+08
1.36002e+08
1.36117e+08
1.36141e+08
1.36287e+08
1.36316e+08
1.36383e+08
1.36407e+08
1.3643e+08
1.36564e+08
1.36584e+08
1.36654e+08
1.36672e+08
1.36755e+08
1.36874e+08
1.36926e+08
1.36973e+08
1.36996e+08
1.37016e+08
1.37038e+08
1.37059e+08
1.3708e+08
1.37101e+08
1.3728e+08
1.37302e+08
1.37323e+08
1.37397e+08
1.37416e+08
1.37557e+08
1.37576e+08
1.37645e+08
1.37708e+08
1.37728e+08
1.37747e+08
1.37766e+08
1.3784e+08
1.37931e+08
1.37978e+08
1.38082e+08
1.38183e+08
1.3825e+08
1.38297e+08
1.38318e+08
1.38342e+08
1.38362e+08
1.38549e+08
1.38611e+08
1.38632e+08
1.38653e+08
1.38674e+08
1.38695e+08
1.38716e+08
1.38863e+08
1.38961e+08
1.38991e+08
1.39075e+08
1.39096e+08
1.39117e+08
1.39138e+08
1.3916e+08
1.39183e+08
1.39206e+08
1.39229e+08
1.39388e+08
1.39407e+08
1.39447e+08
1.39466e+08
1.39485e+08
1.39746e+08
1.40057e+08
1.40114e+08
1.40457e+08
1.40605e+08
1.40678e+08
1.40867e+08
1.40984e+08
1.41125e+08
1.41376e+08
1.4159e+08
1.41783e+08
1.41872e+08
1.42045e+08
1.42087e+08
1.42316e+08
1.42472e+08
1.42566e+08
1.42828e+08
1.43026e+08
1.4315e+08
1.43276e+08
1.43399e+08
1.43486e+08
1.43584e+08
1.43883e+08
1.43998e+08
1.44074e+08
1.44205e+08
1.44324e+08
1.44362e+08
1.44401e+08
1.44438e+08
1.44478e+08
1.44516e+08
1.44554e+08
1.44879e+08
1.45022e+08
1.45054e+08
1.45166e+08
1.45434e+08
1.45583e+08
1.45738e+08
1.45858e+08
1.45964e+08
1.46104e+08
1.46254e+08
1.46424e+08
1.46623e+08
1.46734e+08
1.46843e+08
1.46993e+08
1.47212e+08
1.47349e+08
1.47433e+08
1.47747e+08
1.47976e+08
1.48055e+08
1.48334e+08
1.48479e+08
1.48511e+08
1.48835e+08
1.49059e+08
1.49117e+08
1.49454e+08
1.49642e+08
1.49796e+08
1.4995e+08
1.5016e+08
1.50194e+08
1.50385e+08
1.50537e+08
1.50696e+08
1.50834e+08
1.50954e+08
1.51066e+08
1.51181e+08
1.51307e+08
1.51664e+08
1.5201e+08
1.52093e+08
1.52238e+08
1.52269e+08
1.52325e+08
1.52382e+08
1.52404e+08
1.52423e+08
1.52443e+08
1.52462e+08
1.52482e+08
1.52501e+08
1.52521e+08
1.52606e+08
1.52661e+08
1.52713e+08
1.52734e+08
1.52796e+08
1.52848e+08
1.52871e+08
1.52891e+08
1.53072e+08
1.53121e+08
1.53166e+08
1.5323e+08
1.5328e+08
1.53406e+08
1.53458e+08
1.53477e+08
1.5352e+08
1.53541e+08
1.53657e+08
1.53747e+08
1.53823e+08
1.53845e+08
1.53922e+08
1.53944e+08
1.53967e+08
1.5399e+08
1.54013e+08
1.54034e+08
1.54218e+08
1.5424e+08
1.54367e+08
1.54421e+08
1.54632e+08
1.54655e+08
1.54862e+08
1.55406e+08
1.56137e+08
1.56431e+08
1.56468e+08
1.56799e+08
1.56922e+08
1.57003e+08
1.57083e+08
1.57225e+08
1.57267e+08
1.57607e+08
1.57654e+08
1.57689e+08
1.57725e+08
1.5776e+08
1.57793e+08
1.57827e+08
1.57861e+08
1.57893e+08
1.57931e+08
1.58231e+08
1.58266e+08
1.58299e+08
1.58331e+08
1.58363e+08
1.58396e+08
1.58429e+08
1.58464e+08
1.58496e+08
1.58529e+08
1.58562e+08
1.58597e+08
1.58631e+08
1.58666e+08
1.587e+08
1.59034e+08
1.59075e+08
1.59109e+08
1.59143e+08
1.59178e+08
1.59212e+08
1.59245e+08
1.59278e+08
1.59551e+08
1.59748e+08
1.59835e+08
1.59967e+08
1.60172e+08
1.6031e+08
1.60434e+08
1.60558e+08
1.60686e+08
1.60826e+08
1.60973e+08
1.61088e+08
1.6124e+08
1.61443e+08
1.61577e+08
1.61724e+08
1.61851e+08
1.61974e+08
1.62101e+08
1.62225e+08
1.62347e+08
1.62476e+08
1.62602e+08
1.62726e+08
1.62849e+08
1.62986e+08
1.63105e+08
1.63238e+08
1.63368e+08
1.63501e+08
1.63587e+08
1.63714e+08
1.63854e+08
1.63981e+08
1.64117e+08
1.64249e+08
1.64374e+08
1.6446e+08
1.64598e+08
1.64696e+08
1.64794e+08
1.64958e+08
1.65109e+08
1.65282e+08
1.65465e+08
1.65599e+08
1.65719e+08
1.65853e+08
1.6598e+08
1.66107e+08
1.66237e+08
1.66274e+08
1.66405e+08
1.6653e+08
1.66565e+08
1.6667e+08
1.66715e+08
1.66797e+08
1.6688e+08
1.66916e+08
1.67058e+08
1.67098e+08
1.67191e+08
1.67227e+08
1.67318e+08
1.67401e+08
1.67435e+08
1.67566e+08
1.67703e+08
1.67831e+08
1.67966e+08
1.68103e+08
1.68193e+08
1.68277e+08
1.68404e+08
1.68503e+08
1.68593e+08
1.68725e+08
1.68863e+08
1.69007e+08
1.69158e+08
1.69294e+08
1.69429e+08
1.69561e+08
1.69687e+08
1.69822e+08
1.69969e+08
1.70099e+08
1.70231e+08
1.70353e+08
1.70476e+08
1.70626e+08
1.70787e+08
1.71033e+08
1.71239e+08
1.71344e+08
1.7142e+08
1.71517e+08
1.71613e+08
1.71701e+08
1.71781e+08
1.71854e+08
1.71932e+08
1.72019e+08
1.72102e+08
1.72183e+08
1.72267e+08
1.72347e+08
1.72427e+08
1.72508e+08
1.72589e+08
1.72669e+08
1.72744e+08
1.72796e+08
1.72869e+08
1.72959e+08
1.73039e+08
1.73098e+08
1.73182e+08
1.7327e+08
1.73346e+08
1.73419e+08
1.73504e+08
1.736e+08
1.73693e+08
1.73715e+08
1.73738e+08
1.73882e+08
1.73956e+08
1.74031e+08
1.74118e+08
1.74142e+08
1.7423e+08
1.74317e+08
1.74371e+08
1.74394e+08
1.74416e+08
1.74469e+08
1.74522e+08
1.74548e+08
1.74599e+08
1.74623e+08
1.74701e+08
1.7479e+08
1.74848e+08
1.74929e+08
1.75007e+08
1.75092e+08
1.75177e+08
1.75263e+08
1.75357e+08
1.75422e+08
1.75491e+08
1.75513e+08
1.75567e+08
1.75616e+08
1.75848e+08
1.75949e+08
1.76069e+08
1.76297e+08
1.76357e+08
1.76548e+08
1.76735e+08
1.77018e+08
1.77214e+08
1.77537e+08
1.78374e+08
1.7921e+08
1.80068e+08
1.80616e+08
1.81149e+08
1.81468e+08
1.81508e+08
1.81545e+08
1.81862e+08
1.82192e+08
1.82807e+08
1.82923e+08
1.83299e+08
1.83795e+08
1.8396e+08
1.83986e+08
1.84042e+08
1.84072e+08
1.84376e+08
1.84649e+08
1.84909e+08
1.85243e+08
1.85493e+08
1.85573e+08
1.85885e+08
1.8616e+08
1.86263e+08
1.86306e+08
1.86346e+08
1.86606e+08
1.86746e+08
1.86862e+08
1.86973e+08
1.87235e+08
1.87837e+08
1.88212e+08
1.88403e+08
1.88446e+08
1.88992e+08
1.89035e+08
1.89072e+08
1.89108e+08
1.89144e+08
1.8918e+08
1.89217e+08
1.89254e+08
1.89859e+08
1.89899e+08
1.89937e+08
1.89975e+08
1.90293e+08
1.90465e+08
1.90626e+08
1.90806e+08
1.90986e+08
1.91122e+08
1.91259e+08
1.91402e+08
1.91494e+08
1.91642e+08
1.91777e+08
1.91866e+08
1.92162e+08
1.92254e+08
1.92537e+08
1.92877e+08
1.93077e+08
1.93123e+08
1.93506e+08
1.93901e+08
1.94049e+08
1.94189e+08
1.94264e+08
1.9451e+08
1.94739e+08
1.94891e+08
1.95078e+08
1.95245e+08
1.9545e+08
1.95553e+08
1.95682e+08
1.95841e+08
1.95931e+08
1.9597e+08
1.96013e+08
1.96185e+08
1.96272e+08
1.96406e+08
1.96445e+08
1.96485e+08
1.96526e+08
1.96569e+08
1.96615e+08
1.96657e+08
1.96699e+08
1.96735e+08
1.9678e+08
1.9682e+08
1.96862e+08
1.96901e+08
1.96939e+08
1.9698e+08
1.97019e+08
1.97301e+08
1.97403e+08
1.97542e+08
1.97681e+08
1.97718e+08
1.97765e+08
1.97805e+08
1.98051e+08
1.98151e+08
1.98278e+08
1.98314e+08
1.98352e+08
1.98446e+08
1.98597e+08
1.98653e+08
1.98757e+08
1.98804e+08
1.98955e+08
1.99173e+08
1.9921e+08
1.99247e+08
1.99286e+08
1.99384e+08
1.99433e+08
1.9947e+08
1.99572e+08
1.99611e+08
1.99648e+08
1.99837e+08
1.99952e+08
2.00151e+08
2.00294e+08
2.00336e+08
2.00377e+08
2.00415e+08
2.00453e+08
2.00491e+08
2.0053e+08
2.00568e+08
2.00607e+08
2.00648e+08
2.00755e+08
2.00928e+08
2.0111e+08
2.01317e+08
2.01927e+08
2.02448e+08
2.02911e+08
2.03283e+08
2.03335e+08
2.03534e+08
2.03723e+08
2.03898e+08
2.04059e+08
2.04212e+08
2.04423e+08
2.04489e+08
2.04808e+08
2.04913e+08
2.05071e+08
2.05243e+08
2.05413e+08
2.05708e+08
2.05981e+08
2.06355e+08
2.06462e+08
2.06589e+08
2.06736e+08
2.06851e+08
2.06953e+08
2.06987e+08
2.07106e+08
2.07192e+08
2.07299e+08
2.07382e+08
2.07467e+08
2.07557e+08
2.07652e+08
2.07733e+08
2.07853e+08
2.07961e+08
2.0799e+08
2.08018e+08
2.08524e+08
2.08661e+08
2.0881e+08
2.08874e+08
2.09175e+08
2.09387e+08
2.09484e+08
2.09579e+08
2.09681e+08
2.09836e+08
2.09978e+08
2.10124e+08
2.10291e+08
2.10437e+08
2.10575e+08
2.1071e+08
2.10799e+08
2.10946e+08
2.11105e+08
2.11253e+08
2.11391e+08
2.11544e+08
2.1169e+08
2.11828e+08
2.11968e+08
2.12112e+08
2.12242e+08
2.12382e+08
2.12532e+08
2.12687e+08
2.12824e+08
2.12961e+08
2.13118e+08
2.13266e+08
2.1342e+08
2.13567e+08
2.13723e+08
2.13861e+08
2.14009e+08
2.14161e+08
2.14293e+08
2.14432e+08
2.14569e+08
2.14706e+08
2.14853e+08
2.15022e+08
2.15076e+08
2.1512e+08
2.15164e+08
2.15204e+08
2.15358e+08
2.15518e+08
2.15675e+08
2.15931e+08
2.16066e+08
2.16121e+08
2.16206e+08
2.16292e+08
2.16381e+08
2.1647e+08
2.16558e+08
2.16651e+08
2.16704e+08
2.16728e+08
2.16926e+08
2.17598e+08
2.17784e+08
2.17983e+08
2.18182e+08
2.1834e+08
2.18427e+08
2.1857e+08
2.18741e+08
2.18992e+08
2.19146e+08
2.19289e+08
2.19495e+08
2.19542e+08
2.19583e+08
2.19626e+08
2.19669e+08
2.19713e+08
2.19754e+08
2.19802e+08
2.19846e+08
2.19886e+08
2.19931e+08
2.19974e+08
2.20014e+08
2.20055e+08
2.20096e+08
2.20144e+08
2.20189e+08
2.20236e+08
2.20278e+08
2.20323e+08
2.20367e+08
2.2041e+08
2.20451e+08
2.20497e+08
2.2054e+08
2.20581e+08
2.20626e+08
2.20667e+08
2.20709e+08
2.2075e+08
2.20795e+08
2.2084e+08
2.20882e+08
2.20925e+08
2.20966e+08
2.21011e+08
2.21053e+08
2.21095e+08
2.21136e+08
2.21188e+08
2.21236e+08
2.21278e+08
2.2132e+08
2.21362e+08
2.21407e+08
2.2145e+08
2.21495e+08
2.21537e+08
2.21829e+08
2.21875e+08
2.21921e+08
2.22029e+08
2.22143e+08
2.22266e+08
2.22323e+08
2.22439e+08
2.22543e+08
2.227e+08
2.22844e+08
2.22883e+08
2.23024e+08
2.23107e+08
2.23206e+08
2.23252e+08
2.23291e+08
2.2333e+08
2.23479e+08
2.23635e+08
2.23944e+08
2.24067e+08
2.24186e+08
2.24292e+08
2.24399e+08
2.24507e+08
2.24613e+08
2.24681e+08
2.24751e+08
2.24851e+08
2.24878e+08
2.24905e+08
2.24931e+08
2.24955e+08
2.24981e+08
2.25006e+08
2.25031e+08
2.25056e+08
2.25081e+08
2.25105e+08
2.2513e+08
2.25155e+08
2.2518e+08
2.25205e+08
2.2523e+08
2.25256e+08
2.25287e+08
2.25394e+08
2.25436e+08
2.25638e+08
2.25663e+08
2.25687e+08
2.25782e+08
2.25858e+08
2.25927e+08
2.26027e+08
2.26091e+08
2.26115e+08
2.26181e+08
2.26211e+08
2.26239e+08
2.26268e+08
2.26294e+08
2.26325e+08
2.26353e+08
2.26379e+08
2.26553e+08
2.26585e+08
2.2666e+08
2.26684e+08
2.26708e+08
2.26732e+08
2.26756e+08
2.26781e+08
2.26806e+08
2.2683e+08
2.26854e+08
2.26877e+08
2.26902e+08
2.26926e+08
2.27096e+08
2.27273e+08
2.27352e+08
2.27412e+08
2.27439e+08
2.27466e+08
2.27491e+08
2.27515e+08
2.27539e+08
2.27564e+08
2.27917e+08
2.28541e+08
2.28969e+08
2.29072e+08
2.29121e+08
2.29163e+08
2.29202e+08
2.29241e+08
2.2928e+08
2.29324e+08
2.29367e+08
2.29384e+08
2.29402e+08
2.29419e+08
2.29436e+08
2.29453e+08
2.29468e+08
2.29483e+08
2.29499e+08
2.29516e+08
2.29756e+08
2.30302e+08
2.30333e+08
2.30361e+08
2.30722e+08
2.31349e+08
2.31662e+08
2.32224e+08
2.32334e+08
2.32707e+08
2.33073e+08
2.3325e+08
2.33532e+08
2.3358e+08
2.33779e+08
2.33974e+08
2.34245e+08
2.34504e+08
2.34559e+08
2.34605e+08
2.34648e+08
2.34692e+08
2.34736e+08
2.34779e+08
2.34823e+08
2.34866e+08
2.34909e+08
2.34956e+08
2.34999e+08
2.35045e+08
2.35089e+08
2.35133e+08
2.35174e+08
2.35215e+08
2.35584e+08
2.3594e+08
2.36e+08
2.36137e+08
2.36183e+08
2.36205e+08
2.36227e+08
2.36248e+08
2.3627e+08
2.3629e+08
2.3631e+08
2.36629e+08
2.36872e+08
2.37086e+08
2.37248e+08
2.37373e+08
2.37451e+08
2.37546e+08
2.37649e+08
2.37736e+08
2.37865e+08
2.38005e+08
2.38147e+08
2.38219e+08
2.38302e+08
2.38395e+08
2.3843e+08
2.38598e+08
2.38639e+08
2.38772e+08
2.38852e+08
2.38975e+08
2.39061e+08
2.39095e+08
2.39127e+08
2.39159e+08
2.39196e+08
2.39231e+08
2.39267e+08
2.39302e+08
2.39501e+08
2.39656e+08
2.3981e+08
2.39911e+08
2.39946e+08
2.40091e+08
2.40224e+08
2.40367e+08
2.40496e+08
2.4064e+08
2.40769e+08
2.40932e+08
2.41067e+08
2.412e+08
2.41354e+08
2.41488e+08
2.41681e+08
2.4182e+08
2.41971e+08
2.42107e+08
2.4224e+08
2.4237e+08
2.42553e+08
2.42696e+08
2.4273e+08
2.4285e+08
2.42955e+08
2.42997e+08
2.43107e+08
2.43151e+08
2.43254e+08
2.43304e+08
2.43416e+08
2.43513e+08
2.43804e+08
2.43932e+08
2.44096e+08
2.44241e+08
2.44325e+08
2.4446e+08
2.44615e+08
2.44743e+08
2.44886e+08
2.4503e+08
2.45128e+08
2.45227e+08
2.45318e+08
2.45402e+08
2.45547e+08
2.45684e+08
2.45847e+08
2.45936e+08
2.46018e+08
2.46114e+08
2.46259e+08
2.46388e+08
2.46471e+08
2.46598e+08
2.46733e+08
2.46815e+08
2.46898e+08
2.46936e+08
2.47069e+08
2.47154e+08
2.47238e+08
2.47381e+08
2.47476e+08
2.47661e+08
2.47802e+08
2.47898e+08
2.47984e+08
2.48074e+08
2.4811e+08
2.48193e+08
2.48407e+08
2.48567e+08
2.48742e+08
2.48836e+08
2.48874e+08
2.49014e+08
2.4916e+08
2.49267e+08
2.49441e+08
2.49668e+08
2.49781e+08
2.4988e+08
2.50009e+08
2.50102e+08
2.50193e+08
2.50231e+08
2.50326e+08
2.5047e+08
2.50578e+08
2.50733e+08
2.50906e+08
2.51051e+08
2.51089e+08
2.51237e+08
2.51276e+08
2.51407e+08
2.51492e+08
2.51527e+08
2.51562e+08
2.51668e+08
2.51783e+08
2.51831e+08
2.51989e+08
2.52171e+08
2.52217e+08
2.5226e+08
2.52352e+08
2.52444e+08
2.52481e+08
2.52621e+08
2.52712e+08
2.5275e+08
2.52899e+08
2.5306e+08
2.53169e+08
2.53272e+08
2.53318e+08
2.53634e+08
2.5368e+08
2.53877e+08
2.54056e+08
2.54105e+08
2.54224e+08
2.54326e+08
2.54463e+08
2.54691e+08
2.54783e+08
2.5494e+08
2.55082e+08
2.55218e+08
2.55257e+08
2.55298e+08
2.5534e+08
2.55379e+08
2.55417e+08
2.55456e+08
2.55495e+08
2.55531e+08
2.55566e+08
2.55602e+08
2.55639e+08
2.55678e+08
2.55715e+08
2.55877e+08
2.56018e+08
2.56153e+08
2.56291e+08
2.56426e+08
2.56553e+08
2.56688e+08
2.56726e+08
2.56834e+08
2.57045e+08
2.57204e+08
2.57354e+08
2.5751e+08
2.57656e+08
2.578e+08
2.5798e+08
2.5808e+08
2.58235e+08
2.58274e+08
2.58364e+08
2.58532e+08
2.58754e+08
2.58998e+08
2.59219e+08
2.59367e+08
2.5954e+08
2.59661e+08
2.59691e+08
2.59722e+08
2.59848e+08
2.59962e+08
2.60101e+08
2.60179e+08
2.603e+08
2.60421e+08
2.60579e+08
2.61333e+08
2.61672e+08
2.61804e+08
2.61855e+08
2.62099e+08
2.62328e+08
2.62468e+08
2.62767e+08
2.63019e+08
2.63285e+08
2.6345e+08
2.63658e+08
2.63941e+08
2.64136e+08
2.64401e+08
2.64605e+08
2.64818e+08
